learning-packages/demo - Copie/includes/altitude_water_level.asc
ncols         200
nrows         200
xllcorner     -100.0
yllcorner     -100.0
cellsize      1.0
[rows 78 to 103 of 200, columns 0 to 58 of 200]
4.140454157185723 4.140454157185723 4.140454157185723 4.140454157185723 5.3881369958158665 5.58815872294835 5.845102483360979 6.135098033944531 5.958056513474836 6.021979587092879 5.931133422514436 5.927499180079957 5.574579830874608 5.104317059097379 4.822849436236519 4.70864471708292 4.522033103397289 4.140454157185723 4.140454157185723 4.140454157185723 4.140454157185723 4.140454157185723 4.140454157185723 4.140454157185723 4.140454157185723 4.140454157185723 4.140454157185723 4.140454157185723 4.140454157185723 4.140454157185723 6.0 6.0 6.0 6.0 6.0 6.0 6.0 6.0 6.0 6.0 6.0 6.0 6.0 8.536468323569899 8.675522000454324 8.838032165720042 9.030449061738024 9.26135792429529 9.541895424088198 9.885629294399969 11.289804979760548 11.892754517440665 12.44705366761878 12.540903770797527 12.370635316905132 11.720792024402776 11.071683944280213 9.666204912784213 9.341630676320298
4.140454157185723 4.140454157185723 4.140454157185723 4.140454157185723 4.575020948267889 4.66019391552952 4.991027784818855 5.192280545841642 5.958056513474836 6.789094674220669 6.714407904449104 6.762768800447873 5.984679804771407 5.346267641781406 4.977045279232339 4.623754965389006 4.522350714437033 4.140454157185723 4.140454157185723 4.140454157185723 4.140454157185723 4.140454157185723 4.140454157185723 4.140454157185723 4.140454157185723 4.140454157185723 4.140454157185723 4.140454157185723 4.140454157185723 4.140454157185723 6.0 6.0 6.0 6.0 6.0 6.0 6.0 6.0 6.0 6.0 6.0 6.0 6.0 8.496248338400509 8.623616610785977 8.769486801983636 8.937568381576037 9.131920193126764 9.35615112937453 9.611217677208295 9.889632448358533 11.106823905366314 11.323270049692368 11.349927202900028 11.280827453416968 11.005643490438816 9.749961839300841 9.457639265838838 9.20481728001074
4.140454157185723 4.140454157185723 4.140454157185723 4.140454157185723 4.579557126838106 4.602974222446356 4.838977495260151 5.342418387071592 5.930166243117642 6.773244681054101 6.674609987768839 6.7262184827931835 5.989736542668824 5.319890394025649 4.972275229403654 4.678630550269881 4.576282454932748 4.140454157185723 4.140454157185723 4.140454157185723 4.140454157185723 4.140454157185723 4.140454157185723 4.140454157185723 4.140454157185723 4.140454157185723 4.140454157185723 4.140454157185723 4.140454157185723 4.140454157185723 6.0 6.0 6.0 6.0 6.0 6.0 6.0 6.0 6.0 6.0 6.0 6.0 6.0 7.358836342407835 8.561694470310389 8.689780785799778 8.83310858891618 8.992561949557945 9.167267122465327 9.352417852381798 9.535285382900042 9.689420758389963 9.776213221981088 9.784820751989642 9.749961839300841 9.624718225190845 9.441194581070082 9.242570690611377 9.0526481592904
4.140454157185723 4.140454157185723 4.140454157185723 4.140454157185723 4.605351471903833 4.6666938669104345 4.97523696183822 5.3293032814727805 6.010154045868459 6.774789305960107 6.639231528093504 6.69146516891974 5.857055934255349 5.193840923331175 4.903786793554678 4.720458019814448 4.501637481492873 4.140454157185723 4.140454157185723 4.140454157185723 4.140454157185723 4.140454157185723 4.140454157185723 4.140454157185723 4.140454157185723 4.140454157185723 4.140454157185723 4.140454157185723 4.140454157185723 4.140454157185723 6.0 6.0 6.0 6.0 6.0 6.0 6.0 6.0 6.0 6.0 6.0 6.0 6.0 6.0 7.39416022034627 8.604258916542946 8.724619748839967 8.853668270463405 8.98856720003142 9.123215570610189 9.246555623608629 9.341630676320298 9.390375192377459 9.39461563837737 9.372868359310894 9.297579124465159 9.180293131366891 9.042592110429787 8.900792331029889
4.140454157185723 4.140454157185723 4.140454157185723 4.140454157185723 4.589213596112169 4.681246321050091 4.76680898366439 5.094009742271274 5.51684231133957 5.847481489953621 6.062636505323878 5.8991658278969386 5.449582063280471 5.223061356010067 4.875157532858576 4.593278813268022 4.555487903440743 4.140454157185723 4.140454157185723 4.140454157185723 4.140454157185723 4.140454157185723 4.140454157185723 4.140454157185723 4.140454157185723 4.140454157185723 4.140454157185723 4.140454157185723 4.140454157185723 4.140454157185723 6.0 6.0 6.0 6.0 6.0 6.0 6.0 6.0 6.0 6.0 6.0 6.0 6.0 6.0 7.358836342407835 7.417731840373268 8.617358517338877 8.721344799832789 8.82576118162987 8.925129985056232 9.011336966518071 9.074066739187636 9.104450460597315 9.106838733300187 9.092111037084033 9.042592110429787 8.962893407488933 8.864434100389195 8.757551618401264
4.140454157185723 4.140454157185723 4.140454157185723 4.140454157185723 4.539031578742003 4.626217715060084 4.704401523997461 4.840267728246356 5.098911188384136 5.2294597721581635 5.334560672671907 5.230905949573263 5.090993871542608 4.994834495318392 4.644702019722553 4.604721163396223 4.376238949753056 4.140454157185723 4.140454157185723 4.140454157185723 4.140454157185723 4.140454157185723 4.140454157185723 4.140454157185723 4.140454157185723 4.140454157185723 4.140454157185723 4.140454157185723 4.140454157185723 4.140454157185723 6.0 6.0 6.0 6.0 6.0 6.0 6.0 6.0 6.0 6.0 6.0 6.0 6.0 6.0 6.0 7.372426396312881 7.426047339659893 8.598476919362355 8.680031122494626 8.754825281513376 8.817222142495755 8.860906996558816 8.881288329611426 8.882762372223217 8.872215710477663 8.837546791160293 8.780680737585316 8.708054290016904 7.537723019270997
4.140454157185723 4.140454157185723 4.140454157185723 4.140454157185723 4.140454157185723 4.563169131433414 4.674190905166023 4.809001683553719 4.907432413772849 4.826003514015063 5.018473686937319 4.996845060634366 4.934290678256154 4.639341331047953 4.513095236243528 4.582950528081993 4.140454157185723 4.140454157185723 4.140454157185723 4.140454157185723 4.140454157185723 4.140454157185723 4.140454157185723 4.140454157185723 4.140454157185723 4.140454157185723 4.140454157185723 4.140454157185723 4.140454157185723 4.140454157185723 6.0 6.0 6.0 6.0 6.0 6.0 6.0 6.0 6.0 6.0 6.0 6.0 6.0 6.0 6.0 6.0 7.372426396312881 7.417731840373268 7.4619508133193175 7.502884056230808 7.537723019270997 8.686245592063488 8.700677507267505 8.701650019314238 7.577015667620639 7.563360567149541 7.537723019270997 7.502884056230808 7.4619508133193175
4.140454157185723 4.140454157185723 4.140454157185723 4.140454157185723 4.140454157185723 4.36206608176548 4.525674413166193 4.493102295072368 4.571572427547569 4.651168018302101 4.676292908606147 4.767319820185198 4.565996877215278 4.509758242397813 4.485809388834124 4.432725310323718 4.140454157185723 4.140454157185723 4.140454157185723 4.140454157185723 4.140454157185723 4.140454157185723 4.140454157185723 4.140454157185723 4.140454157185723 4.140454157185723 4.140454157185723 4.140454157185723 4.140454157185723 4.140454157185723 6.0 6.0 6.0 6.0 6.0 6.0 6.0 6.0 6.0 6.0 6.0 6.0 6.0 6.0 6.0 6.0 6.0 7.358836342407835 7.39416022034627 7.426047339659893 7.452548712740377 7.471665306575221 7.481711386688381 7.482991484112559 7.481711386688381 7.471665306575221 7.452548712740377 7.426047339659893 7.39416022034627
4.140454157185723 4.140454157185723 4.140454157185723 4.140454157185723 4.140454157185723 4.140454157185723 4.140454157185723 4.410984316188786 4.3949441796261945 4.524642127450647 4.447390582280161 4.493824107420862 4.54491275252276 4.502576565878119 4.140454157185723 4.140454157185723 4.140454157185723 4.140454157185723 4.140454157185723 4.140454157185723 4.140454157185723 4.140454157185723 4.140454157185723 4.140454157185723 4.140454157185723 4.140454157185723 4.140454157185723 4.140454157185723 4.140454157185723 4.140454157185723 6.0 6.0 6.0 6.0 6.0 6.0 6.0 6.0 6.0 6.0 6.0 6.0 6.0 6.0 6.0 6.0 6.0 6.0 6.0 7.358836342407835 7.379482805726536 7.39416022034627 7.401799740370908 7.40276950901753 7.401799740370908 7.39416022034627 7.379482805726536 7.358836342407835 6.0
4.140454157185723 4.140454157185723 4.140454157185723 4.140454157185723 4.140454157185723 4.140454157185723 4.140454157185723 4.140454157185723 4.140454157185723 4.140454157185723 4.140454157185723 4.140454157185723 4.140454157185723 4.140454157185723 4.140454157185723 4.140454157185723 4.140454157185723 4.140454157185723 4.140454157185723 4.140454157185723 4.140454157185723 4.140454157185723 4.140454157185723 4.140454157185723 4.140454157185723 4.140454157185723 4.140454157185723 4.140454157185723 4.140454157185723 4.140454157185723 6.0 6.0 6.0 6.0 6.0 6.0 6.0 6.0 6.0 6.0 6.0 6.0 6.0 6.0 6.0 6.0 6.0 6.0 6.0 6.0 6.0 6.0 6.0 6.0 6.0 6.0 6.0 6.0 6.0
4.140454157185723 4.140454157185723 4.140454157185723 4.140454157185723 4.140454157185723 4.140454157185723 4.140454157185723 4.140454157185723 4.140454157185723 4.140454157185723 4.140454157185723 4.140454157185723 4.140454157185723 4.140454157185723 4.140454157185723 4.140454157185723 4.140454157185723 4.140454157185723 4.140454157185723 4.140454157185723 4.140454157185723 4.140454157185723 4.140454157185723 4.140454157185723 4.140454157185723 4.140454157185723 4.140454157185723 4.140454157185723 4.140454157185723 4.140454157185723 6.0 6.0 6.0 6.0 6.0 7.182361097034097 7.228214296203937 7.264376816507193 7.2846132715431775 7.287259244925383 7.2846132715431775 7.264376816507193 7.228214296203937 7.182361097034097 6.0 6.0 6.0 6.0 6.0 6.0 6.0 6.0 6.0 6.0 6.0 6.0 6.0 6.0 6.0
4.140454157185723 4.140454157185723 4.140454157185723 4.140454157185723 4.140454157185723 4.140454157185723 4.140454157185723 4.140454157185723 4.140454157185723 4.140454157185723 4.140454157185723 4.140454157185723 4.140454157185723 4.140454157185723 4.140454157185723 4.140454157185723 4.140454157185723 4.140454157185723 4.140454157185723 4.140454157185723 4.140454157185723 4.140454157185723 4.140454157185723 4.140454157185723 4.140454157185723 4.140454157185723 4.140454157185723 4.140454157185723 4.140454157185723 4.140454157185723 6.0 6.0 6.0 6.0 7.196695363791173 7.264376816507193 7.330564388807709 7.386122888050018 7.41875988045483 7.423118641111233 7.41875988045483 7.386122888050018 7.330564388807709 7.264376816507193 7.196695363791173 6.0 6.0 6.0 6.0 6.0 6.0 6.0 6.0 6.0 6.0 6.0 6.0 6.0 6.0
4.140454157185723 4.140454157185723 4.140454157185723 4.140454157185723 4.140454157185723 4.140454157185723 4.140454157185723 4.140454157185723 4.140454157185723 4.140454157185723 4.140454157185723 4.140454157185723 4.140454157185723 4.140454157185723 4.140454157185723 4.140454157185723 4.140454157185723 4.140454157185723 4.140454157185723 4.140454157185723 4.140454157185723 4.140454157185723 4.140454157185723 4.140454157185723 4.140454157185723 4.140454157185723 4.140454157185723 4.140454157185723 4.140454157185723 4.152905724423897 7.364771203442217 7.386614478905904 7.389470548575929 8.568975575940001 8.62914801994941 8.68266229459124 7.45564151165431 7.5470536106809725 7.605535309077542 7.613664861651644 7.605535309077542 7.5470536106809725 7.45564151165431 7.356924997583748 7.264376816507193 7.182361097034097 6.0 6.0 6.0 6.0 6.0 6.0 6.0 6.0 6.0 6.0 6.0 6.0 6.0
4.140454157185723 4.140454157185723 4.140454157185723 4.140454157185723 4.140454157185723 4.140454157185723 4.140454157185723 4.140454157185723 4.140454157185723 4.140454157185723 4.140454157185723 4.140454157185723 4.140454157185723 4.140454157185723 4.140454157185723 4.140454157185723 4.140454157185723 4.140454157185723 4.140454157185723 4.140454157185723 4.140454157185723 4.140454157185723 4.140454157185723 4.140454157185723 4.140454157185723 4.140454157185723 4.140454157185723 4.248072437951619 4.315913552331358 4.311563021873478 7.496184189195044 7.531412632820019 7.536117488958547 8.759626929023955 8.826748578002753 8.891855730756236 8.970306512519759 9.059757915287102 7.890684331568398 7.909314012943106 7.890684331568398 7.768042225413323 7.605535309077542 7.45564151165431 7.330564388807709 7.228214296203937 6.0 6.0 6.0 6.0 6.0 6.0 6.0 6.0 6.0 6.0 6.0 6.0 6.0
4.140454157185723 4.140454157185723 4.140454157185723 4.140454157185723 4.140454157185723 4.140454157185723 4.140454157185723 4.140454157185723 4.140454157185723 4.140454157185723 4.140454157185723 4.140454157185723 4.140454157185723 4.140454157185723 4.140454157185723 4.140454157185723 4.140454157185723 4.140454157185723 4.140454157185723 4.140454157185723 4.140454157185723 4.140454157185723 4.140454157185723 4.140454157185723 4.140454157185723 4.140454157185723 4.140454157185723 4.326200993022578 4.4160419924164405 4.5046702224894215 7.669893176206214 7.733018454096484 7.741793511583424 8.997395270603677 9.056016064256232 9.118276359868101 9.232710145416004 9.43750837471065 8.400835267636738 8.464913791603035 8.400835267636738 8.072737171268432 7.768042225413323 7.5470536106809725 7.386122888050018 7.264376816507193 6.0 6.0 6.0 6.0 6.0 6.0 6.0 6.0 6.0 6.0 6.0 6.0 6.0
4.140454157185723 4.140454157185723 4.140454157185723 4.140454157185723 4.140454157185723 4.140454157185723 4.140454157185723 4.140454157185723 4.140454157185723 4.140454157185723 4.140454157185723 4.140454157185723 4.140454157185723 4.140454157185723 4.140454157185723 4.140454157185723 4.140454157185723 4.140454157185723 4.140454157185723 4.140454157185723 4.140454157185723 4.140454157185723 4.140454157185723 4.140454157185723 4.140454157185723 4.140454157185723 4.228862727330895 4.37330695988255 4.4777887319472 4.61095865077698 7.908428788167574 8.040808955713139 8.060917876042556 9.325422227256317 9.327188668622403 9.338553763174026 9.461907080755527 9.837049486738664 10.344627821695704 9.018890524688212 9.018890524688212 8.400835267636738 7.890684331568398 7.605535309077542 7.41875988045483 7.2846132715431775 6.0 6.0 6.0 6.0 6.0 6.0 6.0 6.0 6.0 6.0 6.0 6.0 6.0
4.140454157185723 4.140454157185723 4.140454157185723 4.140454157185723 4.140454157185723 4.140454157185723 4.140454157185723 4.140454157185723 4.140454157185723 4.140454157185723 4.140454157185723 4.140454157185723 4.140454157185723 4.140454157185723 4.140454157185723 4.140454157185723 4.140454157185723 4.140454157185723 4.140454157185723 4.140454157185723 4.140454157185723 4.140454157185723 4.140454157185723 4.140454157185723 4.140454157185723 4.140454157185723 4.178889865778059 4.432305599251494 4.562412577578639 4.828898706846778 8.23731720379527 8.591467033167062 8.660633537271327 9.878726278092445 9.660435844906502 9.522093649819219 9.57920718914932 9.961097980798078 10.383661728130429 9.018890524688212 9.018890524688212 8.464913791603035 7.909314012943106 7.613664861651644 7.423118641111233 7.287259244925383 6.0 6.0 6.0 6.0 6.0 6.0 6.0 6.0 6.0 6.0 6.0 6.0 6.0
4.140454157185723 4.140454157185723 4.140454157185723 4.140454157185723 4.140454157185723 4.140454157185723 4.140454157185723 4.140454157185723 4.140454157185723 4.140454157185723 4.140454157185723 4.140454157185723 4.140454157185723 4.140454157185723 4.140454157185723 4.140454157185723 4.140454157185723 4.140454157185723 4.140454157185723 4.140454157185723 4.140454157185723 4.140454157185723 4.140454157185723 4.140454157185723 4.140454157185723 4.140454157185723 4.347376332762552 4.507493898759211 4.72719730904624 4.985243921576644 8.591467033167062 9.258597279425521 9.258597279425521 10.543210550968698 10.01022691362189 9.646344264790681 9.623702785664882 9.932247900456758 10.405505003594117 9.018890524688212 9.018890524688212 8.400835267636738 7.890684331568398 7.605535309077542 7.41875988045483 7.2846132715431775 6.0 6.0 6.0 6.0 6.0 6.0 6.0 6.0 6.0 6.0 6.0 6.0 6.0
4.140454157185723 4.140454157185723 4.140454157185723 4.140454157185723 4.140454157185723 4.140454157185723 4.140454157185723 4.140454157185723 4.140454157185723 4.140454157185723 4.140454157185723 4.140454157185723 4.140454157185723 4.140454157185723 4.140454157185723 4.140454157185723 4.140454157185723 4.140454157185723 4.140454157185723 4.140454157185723 4.140454157185723 4.140454157185723 4.140454157185723 4.140454157185723 4.140454157185723 4.140454157185723 4.1958790577866285 4.5252161433221065 4.651898953016245 4.915556314339462 8.660633537271327 9.258597279425521 9.258597279425521 10.522974095932714 10.046756425321345 9.607971486723528 9.509835736996747 9.608854660226982 9.790305816212667 8.464913791603035 8.400835267636738 8.072737171268432 7.768042225413323 7.5470536106809725 7.386122888050018 7.264376816507193 6.0 6.0 6.0 6.0 6.0 6.0 6.0 6.0 6.0 6.0 6.0 6.0 6.0
4.140454157185723 4.140454157185723 4.140454157185723 4.140454157185723 4.140454157185723 4.140454157185723 4.140454157185723 4.140454157185723 4.140454157185723 4.140454157185723 4.140454157185723 4.140454157185723 4.140454157185723 4.140454157185723 4.140454157185723 4.140454157185723 4.140454157185723 4.140454157185723 4.140454157185723 4.140454157185723 4.140454157185723 4.140454157185723 4.140454157185723 4.140454157185723 4.140454157185723 4.140454157185723 4.199763857862873 4.372427042201087 4.537873945462442 4.8762777130168296 8.591467033167062 9.258597279425521 9.258597279425521 10.486811575629458 9.922031421974772 9.496450467367449 9.338553763174026 9.299454858233341 9.277298810474301 7.909314012943106 7.890684331568398 7.768042225413323 7.605535309077542 7.45564151165431 7.330564388807709 7.228214296203937 6.0 6.0 6.0 6.0 6.0 6.0 6.0 6.0 6.0 6.0 6.0 6.0 6.0
4.140454157185723 4.140454157185723 4.140454157185723 4.140454157185723 4.140454157185723 4.140454157185723 4.140454157185723 4.140454157185723 4.140454157185723 4.140454157185723 4.140454157185723 4.140454157185723 4.140454157185723 4.140454157185723 4.140454157185723 4.140454157185723 4.140454157185723 4.140454157185723 4.140454157185723 4.140454157185723 4.140454157185723 4.140454157185723 4.140454157185723 4.140454157185723 4.140454157185723 4.140454157185723 4.191758948090614 4.306313467104596 4.565144871103632 4.889809755187899 8.23731720379527 8.591467033167062 8.660633537271327 9.773828130201158 9.501694020302462 9.265353785751323 9.125534687860524 9.043237799876016 8.970306512519759 7.613664861651644 7.605535309077542 7.5470536106809725 7.45564151165431 7.356924997583748 7.264376816507193 7.182361097034097 6.0 6.0 6.0 6.0 6.0 6.0 6.0 6.0 6.0 6.0 6.0 6.0 6.0
4.140454157185723 4.140454157185723 4.140454157185723 4.140454157185723 4.140454157185723 4.140454157185723 4.140454157185723 4.140454157185723 4.140454157185723 4.140454157185723 4.140454157185723 4.140454157185723 4.140454157185723 4.140454157185723 4.140454157185723 4.140454157185723 4.140454157185723 4.140454157185723 4.140454157185723 4.140454157185723 4.140454157185723 4.140454157185723 4.140454157185723 4.140454157185723 4.140454157185723 4.140454157185723 4.140454157185723 4.384954998606894 4.536375570439146 4.675832745482928 7.908428788167574 8.040808955713139 8.060917876042556 8.040808955713139 9.105124151958748 8.997395270603677 8.901787137994837 8.822337107151943 8.744497177462321 7.423118641111233 7.41875988045483 7.386122888050018 7.330564388807709 7.264376816507193 7.196695363791173 6.0 6.0 6.0 6.0 6.0 6.0 6.0 6.0 6.0 6.0 6.0 6.0 6.0 6.0
4.140454157185723 4.140454157185723 4.140454157185723 4.140454157185723 4.140454157185723 4.140454157185723 4.140454157185723 4.140454157185723 4.140454157185723 4.140454157185723 4.327687604562304 4.2413572606020224 4.189864092903451 4.248115194264823 4.158992082778504 4.140454157185723 4.140454157185723 4.140454157185723 4.140454157185723 4.140454157185723 4.140454157185723 4.140454157185723 4.140454157185723 4.140454157185723 4.140454157185723 4.140454157185723 4.140454157185723 4.302992126216339 4.36158790023631 4.552128710162718 7.669893176206214 7.733018454096484 7.741793511583424 7.733018454096484 7.669893176206214 8.753583846221225 8.692882216206618 8.62914801994941 7.2846132715431775 7.287259244925383 7.2846132715431775 7.264376816507193 7.228214296203937 7.182361097034097 6.0 6.0 6.0 6.0 6.0 6.0 6.0 6.0 6.0 6.0 6.0 6.0 6.0 6.0 6.0
4.140454157185723 4.140454157185723 4.140454157185723 4.140454157185723 4.140454157185723 4.140454157185723 4.140454157185723 4.217300846627889 4.312153046819153 4.325401352793348 4.438448188393613 4.398259621633395 4.408421727334577 4.318708623279656 4.311292284337692 4.316432713982185 4.203478293460156 4.213638261270618 4.140454157185723 4.140454157185723 4.140454157185723 4.140454157185723 4.140454157185723 4.140454157185723 4.140454157185723 4.140454157185723 4.140454157185723 4.243196148325383 4.303083372027748 4.406815608611607 7.496184189195044 7.531412632820019 7.536117488958547 7.531412632820019 7.496184189195044 7.436214219101926 7.364771203442217 7.291715689873779 6.0 6.0 6.0 6.0 6.0 6.0 6.0 6.0 6.0 6.0 6.0 6.0 6.0 6.0 6.0 6.0 6.0 6.0 6.0 6.0 6.0
4.140454157185723 4.140454157185723 4.140454157185723 4.140454157185723 4.140454157185723 4.140454157185723 4.290455037453853 4.256701939745518 4.450907597337244 4.353164806569591 4.514960864757589 4.503701535058529 4.408421727334577 4.48344897840019 4.370520838970501 4.3813905446955586 4.4011085326153925 4.340161264872954 4.169889545716249 4.140454157185723 4.140454157185723 4.140454157185723 4.140454157185723 4.140454157185723 4.140454157185723 4.140454157185723 4.140454157185723 4.140454157185723 4.140454157185723 4.22562506099476 7.364771203442217 7.386614478905904 7.389470548575929 7.386614478905904 7.364771203442217 7.325737297007492 6.0 6.0 6.0 6.0 6.0 6.0 6.0 6.0 6.0 6.0 6.0 6.0 6.0 6.0 6.0 6.0 6.0 6.0 6.0 6.0 6.0 6.0 6.0
4.140454157185723 4.140454157185723 4.140454157185723 4.140454157185723 4.140454157185723 4.340312071300476 4.290455037453853 4.405492475552707 4.5610486548489995 5.266416800365535 5.1852844620791965 5.319045003247636 5.1891632865948845 5.1705354788580635 4.521585393715231 4.466304013774399 4.5156758088799815 4.42300124701042 4.29190407513963 4.258734954713908 4.140454157185723 4.140454157185723 4.140454157185723 4.140454157185723 4.140454157185723 4.140454157185723 4.140454157185723 4.140454157185723 4.140454157185723 4.140454157185723 6.0 6.0 6.0 6.0 6.0 6.0 6.0 6.0 6.0 6.0 6.0 6.0 6.0 6.0 6.0 6.0 6.0 6.0 6.0 6.0 6.0 6.0 6.0 6.0 6.0 6.0 6.0 6.0 6.0
