learning-packages/demo - Copie/includes/altitude_water_level.asc
ncols         200
nrows         200
xllcorner     -100.0
yllcorner     -100.0
cellsize      1.0
[rows 52 to 77 of 200, columns 0 to 58 of 200]
4.140454157185723 4.140454157185723 4.140454157185723 4.140454157185723 4.140454157185723 4.140454157185723 4.140454157185723 4.140454157185723 4.140454157185723 4.140454157185723 4.140454157185723 4.140454157185723 4.140454157185723 4.140454157185723 4.140454157185723 4.140454157185723 4.140454157185723 4.140454157185723 4.140454157185723 4.140454157185723 4.140454157185723 4.140454157185723 4.140454157185723 4.140454157185723 4.140454157185723 4.140454157185723 4.140454157185723 4.140454157185723 4.140454157185723 4.140454157185723 6.0 6.0 6.0 6.0 6.0 8.267668320188054 8.591593022791095 9.03821431068099 9.519139893292776 9.613066075164921 9.519139893292776 9.03821431068099 8.591593022791095 8.267668320188054 6.0 6.0 6.0 6.0 6.0 6.0 6.0 6.0 6.0 6.0 6.0 6.0 6.0 6.0 6.0
4.140454157185723 4.140454157185723 4.140454157185723 4.140454157185723 4.140454157185723 4.140454157185723 4.140454157185723 4.140454157185723 4.140454157185723 4.140454157185723 4.140454157185723 4.140454157185723 4.140454157185723 4.140454157185723 4.140454157185723 4.140454157185723 4.140454157185723 4.140454157185723 4.140454157185723 4.140454157185723 4.140454157185723 4.140454157185723 4.140454157185723 4.140454157185723 4.140454157185723 4.140454157185723 4.140454157185723 4.140454157185723 4.140454157185723 4.140454157185723 6.0 6.0 6.0 6.0 6.0 8.353390685495304 8.77136159508161 9.519139893292776 10.425084145557175 10.425084145557175 10.425084145557175 9.519139893292776 8.77136159508161 8.353390685495304 6.0 6.0 6.0 6.0 6.0 6.0 6.0 6.0 6.0 6.0 6.0 6.0 6.0 6.0 6.0
4.140454157185723 4.140454157185723 4.140454157185723 4.140454157185723 4.140454157185723 4.140454157185723 4.140454157185723 4.140454157185723 4.140454157185723 4.140454157185723 4.140454157185723 4.140454157185723 4.140454157185723 4.140454157185723 4.140454157185723 4.140454157185723 4.140454157185723 4.140454157185723 4.140454157185723 4.140454157185723 4.140454157185723 4.140454157185723 4.140454157185723 4.140454157185723 4.140454157185723 4.140454157185723 4.140454157185723 4.140454157185723 4.140454157185723 4.140454157185723 6.0 6.0 6.0 6.0 6.0 8.36530696861718 8.798668947572146 9.613066075164921 10.425084145557175 10.425084145557175 10.425084145557175 9.613066075164921 8.798668947572146 8.36530696861718 6.0 6.0 6.0 6.0 6.0 6.0 6.0 6.0 6.0 6.0 6.0 6.0 6.0 6.0 6.0
4.140454157185723 4.140454157185723 4.140454157185723 4.140454157185723 4.140454157185723 4.140454157185723 4.140454157185723 4.140454157185723 4.140454157185723 4.140454157185723 4.140454157185723 4.140454157185723 4.140454157185723 4.140454157185723 4.140454157185723 4.140454157185723 4.140454157185723 4.140454157185723 4.140454157185723 4.140454157185723 4.140454157185723 4.140454157185723 4.140454157185723 4.140454157185723 4.140454157185723 4.140454157185723 4.140454157185723 4.140454157185723 4.140454157185723 4.140454157185723 6.0 6.0 6.0 6.0 6.0 8.353390685495304 8.77136159508161 9.519139893292776 10.425084145557175 10.425084145557175 10.425084145557175 9.519139893292776 8.77136159508161 8.353390685495304 6.0 6.0 6.0 6.0 6.0 6.0 6.0 6.0 6.0 6.0 6.0 6.0 6.0 6.0 6.0
4.140454157185723 4.140454157185723 4.140454157185723 4.140454157185723 4.140454157185723 4.140454157185723 4.140454157185723 4.140454157185723 4.140454157185723 4.140454157185723 4.140454157185723 4.140454157185723 4.140454157185723 4.140454157185723 4.140454157185723 4.140454157185723 4.140454157185723 4.140454157185723 4.140454157185723 4.140454157185723 4.140454157185723 4.140454157185723 4.140454157185723 4.140454157185723 4.140454157185723 4.140454157185723 4.140454157185723 4.140454157185723 4.140454157185723 4.140454157185723 6.0 6.0 6.0 6.0 6.0 8.267668320188054 8.591593022791095 9.03821431068099 9.519139893292776 9.613066075164921 9.519139893292776 9.03821431068099 8.591593022791095 8.267668320188054 6.0 6.0 6.0 6.0 6.0 6.0 6.0 6.0 6.0 6.0 6.0 6.0 6.0 6.0 6.0
4.140454157185723 4.140454157185723 4.140454157185723 4.140454157185723 4.140454157185723 4.140454157185723 4.140454157185723 4.140454157185723 4.140454157185723 4.140454157185723 4.140454157185723 4.140454157185723 4.140454157185723 4.140454157185723 4.140454157185723 4.140454157185723 4.140454157185723 4.140454157185723 4.140454157185723 4.140454157185723 4.140454157185723 4.140454157185723 4.140454157185723 4.140454157185723 4.140454157185723 4.140454157185723 4.140454157185723 4.140454157185723 4.140454157185723 4.140454157185723 6.0 6.0 6.0 6.0 6.0 8.13367663456482 8.353390685495304 8.591593022791095 8.77136159508161 8.798668947572146 8.77136159508161 8.591593022791095 8.353390685495304 8.13367663456482 6.0 6.0 6.0 6.0 6.0 6.0 6.0 6.0 6.0 6.0 6.0 6.0 6.0 6.0 6.0
4.140454157185723 4.140454157185723 4.140454157185723 4.140454157185723 4.140454157185723 4.140454157185723 4.140454157185723 4.140454157185723 4.140454157185723 4.140454157185723 4.140454157185723 4.140454157185723 4.140454157185723 4.140454157185723 4.140454157185723 4.140454157185723 4.140454157185723 4.140454157185723 4.140454157185723 4.140454157185723 4.140454157185723 4.140454157185723 4.140454157185723 4.140454157185723 4.140454157185723 4.140454157185723 4.140454157185723 4.140454157185723 4.140454157185723 4.140454157185723 6.0 6.0 6.0 6.0 6.0 6.0 8.13367663456482 8.267668320188054 8.353390685495304 8.36530696861718 8.353390685495304 8.267668320188054 8.13367663456482 6.0 6.0 6.0 6.0 6.0 6.0 6.0 6.0 6.0 6.0 6.0 6.0 6.0 6.0 6.0 6.0
4.140454157185723 4.140454157185723 4.140454157185723 4.140454157185723 4.140454157185723 4.140454157185723 4.140454157185723 4.140454157185723 4.140454157185723 4.140454157185723 4.140454157185723 4.140454157185723 4.140454157185723 4.140454157185723 4.140454157185723 4.140454157185723 4.140454157185723 4.140454157185723 4.140454157185723 4.140454157185723 4.140454157185723 4.140454157185723 4.140454157185723 4.140454157185723 4.140454157185723 4.140454157185723 4.140454157185723 4.140454157185723 4.140454157185723 4.140454157185723 6.0 6.0 6.0 6.0 6.0 6.0 6.0 6.0 6.0 6.0 6.0 6.0 6.0 6.0 6.0 6.0 6.0 6.0 6.0 6.0 6.0 6.0 6.0 6.0 6.0 6.0 6.0 6.0 6.0
4.140454157185723 4.140454157185723 4.140454157185723 4.140454157185723 4.140454157185723 4.140454157185723 4.140454157185723 4.140454157185723 4.140454157185723 4.140454157185723 4.140454157185723 4.140454157185723 4.140454157185723 4.140454157185723 4.140454157185723 4.140454157185723 4.140454157185723 4.140454157185723 4.140454157185723 4.140454157185723 4.140454157185723 4.140454157185723 4.140454157185723 4.140454157185723 4.140454157185723 4.140454157185723 4.140454157185723 4.140454157185723 4.140454157185723 4.140454157185723 6.0 6.0 6.0 6.0 6.0 6.0 6.0 6.0 6.0 6.0 6.0 6.0 6.0 6.0 6.0 6.0 6.0 6.0 6.0 6.0 6.0 6.0 6.0 6.0 6.0 6.0 6.0 6.0 6.0
4.140454157185723 4.140454157185723 4.140454157185723 4.140454157185723 4.140454157185723 4.140454157185723 4.140454157185723 4.140454157185723 4.140454157185723 4.140454157185723 4.140454157185723 4.140454157185723 4.140454157185723 4.140454157185723 4.140454157185723 4.140454157185723 4.140454157185723 4.140454157185723 4.140454157185723 4.140454157185723 4.140454157185723 4.140454157185723 4.140454157185723 4.140454157185723 4.140454157185723 4.140454157185723 4.140454157185723 4.140454157185723 4.140454157185723 4.140454157185723 6.0 6.0 6.0 6.0 6.0 6.0 6.0 6.0 6.0 6.0 6.0 6.0 6.0 6.0 6.0 6.0 6.0 6.0 6.0 6.0 6.0 6.0 6.0 6.0 6.0 6.0 6.0 6.0 6.0
4.140454157185723 4.140454157185723 4.140454157185723 4.140454157185723 4.140454157185723 4.140454157185723 4.140454157185723 4.140454157185723 4.140454157185723 4.140454157185723 4.140454157185723 4.140454157185723 4.140454157185723 4.140454157185723 4.140454157185723 4.140454157185723 4.140454157185723 4.140454157185723 4.140454157185723 4.140454157185723 4.140454157185723 4.140454157185723 4.140454157185723 4.140454157185723 4.140454157185723 4.140454157185723 4.140454157185723 4.140454157185723 4.140454157185723 4.140454157185723 6.0 6.0 6.0 6.0 6.0 6.0 6.0 6.0 6.0 6.0 6.0 6.0 6.0 6.0 6.0 6.0 6.0 6.0 6.0 6.0 6.0 6.0 6.0 6.0 6.0 6.0 6.0 6.0 6.0
4.140454157185723 4.140454157185723 4.140454157185723 4.150312518440828 4.140521628710823 4.140454157185723 4.154325493533426 4.140454157185723 4.140454157185723 4.140454157185723 4.140454157185723 4.140454157185723 4.140454157185723 4.140454157185723 4.140454157185723 4.140454157185723 4.140454157185723 4.140454157185723 4.140454157185723 4.140454157185723 4.140454157185723 4.140454157185723 4.140454157185723 4.140454157185723 4.140454157185723 4.140454157185723 4.140454157185723 4.140454157185723 4.140454157185723 4.140454157185723 6.0 6.0 6.0 6.0 6.0 6.0 6.0 6.0 6.0 6.0 6.0 6.0 6.0 6.0 6.0 6.0 6.0 6.0 6.0 6.0 6.0 6.0 6.0 6.0 6.0 6.0 6.0 6.0 6.0
4.140454157185723 4.140454157185723 4.140454157185723 4.188029681197281 4.1836453859153355 4.16242762515661 4.15270713401597 4.140454157185723 4.140454157185723 4.140454157185723 4.140454157185723 4.140454157185723 4.140454157185723 4.140454157185723 4.140454157185723 4.140454157185723 4.140454157185723 4.140454157185723 4.140454157185723 4.140454157185723 4.140454157185723 4.140454157185723 4.140454157185723 4.140454157185723 4.140454157185723 4.140454157185723 4.140454157185723 4.140454157185723 4.140454157185723 4.140454157185723 6.0 6.0 6.0 6.0 6.0 6.0 6.0 6.0 6.0 6.0 6.0 6.0 6.0 6.0 6.0 6.0 6.0 6.0 6.0 6.0 6.0 7.122885024913947 7.123661839646866 7.122885024913947 6.0 6.0 6.0 6.0 6.0
4.140454157185723 4.2822965075322035 4.356540892067253 4.301333328002627 4.289635063787383 4.39406122904954 4.254492405987986 4.246615384562266 4.218313886294689 4.140454157185723 4.140454157185723 4.140454157185723 4.140454157185723 4.140454157185723 4.140454157185723 4.140454157185723 4.140454157185723 4.140454157185723 4.140454157185723 4.140454157185723 4.140454157185723 4.140454157185723 4.140454157185723 4.140454157185723 4.140454157185723 4.140454157185723 4.140454157185723 4.140454157185723 4.140454157185723 4.140454157185723 6.0 6.0 6.0 6.0 6.0 6.0 6.0 6.0 6.0 6.0 6.0 6.0 6.0 6.0 6.0 6.0 6.0 7.116765532673974 7.142308103223629 7.163536524170446 7.178849508134068 7.18689672956897 7.187922127267831 7.18689672956897 7.178849508134068 7.163536524170446 7.142308103223629 7.116765532673974 6.0
4.208501126173619 4.4425625436141125 4.598102625011754 4.578243584304349 4.7183453697576025 4.558701783619691 4.492623153311664 4.320423521381663 4.194530510594468 4.194530510594468 4.140454157185723 4.140454157185723 4.140454157185723 4.140454157185723 4.140454157185723 4.140454157185723 4.140454157185723 4.140454157185723 4.140454157185723 4.140454157185723 4.140454157185723 4.140454157185723 4.140454157185723 4.140454157185723 4.140454157185723 4.140454157185723 4.140454157185723 4.140454157185723 4.140454157185723 4.140454157185723 6.0 6.0 6.0 6.0 6.0 6.0 6.0 6.0 6.0 6.0 6.0 6.0 6.0 6.0 6.0 6.0 7.135647130650496 7.1710678980455995 7.203856693879103 8.590600125120472 8.631783058634776 8.657398631816758 8.66643941679243 8.666007920488015 8.654099993279148 8.625924003058909 8.583339499605637 8.529904240453433 7.135647130650496
4.291544482216765 4.50372698405574 4.82669996871818 5.137777336972658 5.206612732555135 5.121973148946923 4.782190455270725 4.479385446778272 4.288377604950087 4.140454157185723 4.140454157185723 4.140454157185723 4.140454157185723 4.140454157185723 4.140454157185723 4.140454157185723 4.140454157185723 4.140454157185723 4.140454157185723 4.140454157185723 4.140454157185723 4.140454157185723 4.140454157185723 4.140454157185723 4.140454157185723 4.140454157185723 4.140454157185723 4.140454157185723 4.140454157185723 4.140454157185723 6.0 6.0 6.0 6.0 6.0 6.0 6.0 6.0 6.0 6.0 6.0 6.0 6.0 6.0 6.0 7.142308103223629 7.18689672956897 8.590600125120472 8.668831818916772 8.738434582552932 8.793482803552616 8.8281041013234 8.840152310567182 8.839430278860737 8.822645477500618 8.78405254946826 8.727220311310878 8.65781112237253 8.58105694991524
4.412384444623219 4.703623387033426 5.189896847327395 5.741819562683153 5.742992725240933 5.711509482263467 5.0429397342647375 4.568631872855972 4.441095305943154 4.183425759291342 4.140454157185723 4.140454157185723 4.140454157185723 4.140454157185723 4.140454157185723 4.140454157185723 4.140454157185723 4.140454157185723 4.140454157185723 4.140454157185723 4.140454157185723 4.140454157185723 4.140454157185723 4.140454157185723 4.140454157185723 4.140454157185723 4.140454157185723 4.140454157185723 4.140454157185723 4.140454157185723 6.0 6.0 6.0 6.0 6.0 6.0 6.0 6.0 6.0 6.0 6.0 6.0 6.0 6.0 7.135647130650496 7.18689672956897 8.614246227886131 8.716927587587618 8.818389608067495 8.91192696521558 8.988252615849136 9.03710600933343 9.053796646879027 9.05251043658418 9.027545264198778 8.972403476134312 8.894161814019176 8.802079803445158 8.703770644892566
4.403054017963742 4.594926179110098 5.117063272913162 5.622662950773185 5.730518732794067 5.597550023545723 5.139131180352089 4.658999563262115 4.365777555344511 4.140454157185723 4.140454157185723 4.140454157185723 4.140454157185723 4.140454157185723 4.140454157185723 4.140454157185723 4.140454157185723 4.140454157185723 4.140454157185723 4.140454157185723 4.140454157185723 4.140454157185723 4.140454157185723 4.140454157185723 4.140454157185723 4.140454157185723 4.140454157185723 4.140454157185723 4.140454157185723 4.140454157185723 6.0 6.0 6.0 6.0 6.0 6.0 6.0 6.0 6.0 6.0 6.0 6.0 6.0 7.116765532673974 7.1710678980455995 8.604190179025519 8.725243086874244 8.854594866205314 8.988252615849136 9.11775064822932 9.22857283999752 9.301652572803736 9.326009004254827 9.323507948468137 9.283566407979428 9.200472157876236 9.088902230939826 8.964172236859863 8.836918766485347
4.403054017963742 4.577832622082529 5.194678062035363 5.702999972707105 5.592133595830659 5.755063811096884 5.16009334357968 4.678575121102803 4.293633873359111 4.140454157185723 4.140454157185723 4.140454157185723 4.140454157185723 4.140454157185723 4.140454157185723 4.140454157185723 4.140454157185723 4.140454157185723 4.140454157185723 4.140454157185723 4.140454157185723 4.140454157185723 4.140454157185723 4.140454157185723 4.140454157185723 4.140454157185723 4.140454157185723 4.140454157185723 4.140454157185723 4.140454157185723 6.0 6.0 6.0 6.0 6.0 6.0 6.0 6.0 6.0 6.0 6.0 6.0 6.0 7.142308103223629 8.562693036286937 8.692403438943769 8.838150181436559 9.000806498365328 9.178608030266846 9.363320180537489 9.53386129160624 9.652744798948934 9.691053712885852 9.685516793061485 9.614635362172203 9.480782305911044 9.315740256125906 9.143895798921735 8.978343282498946
4.379998560990204 4.547500836350682 4.898120506044508 5.095100564973009 5.124323237347733 5.2049798638439135 4.826180405430925 4.556566521212488 4.283299746332242 4.273712874545625 4.140454157185723 4.140454157185723 4.140454157185723 4.140454157185723 4.140454157185723 4.140454157185723 4.140454157185723 4.140454157185723 4.140454157185723 4.140454157185723 4.140454157185723 4.140454157185723 4.140454157185723 4.140454157185723 4.140454157185723 4.140454157185723 4.140454157185723 4.140454157185723 4.140454157185723 4.140454157185723 6.0 6.0 6.0 6.0 6.0 6.0 6.0 6.0 6.0 6.0 6.0 6.0 6.0 7.163536524170446 8.625924003058909 8.774338056212356 8.946765928255768 9.148366378637158 9.383849579654813 9.652744798948934 9.933970631324259 11.101248058657273 11.205161756256633 11.195008221571262 11.043090681954961 10.774116865520627 9.575575510990284 9.33729021860354 9.12293851044569
4.158597954255135 4.356775057211397 4.593248221497234 4.600489884637568 4.7494693443467595 4.645054889485992 4.530060297526631 4.398580078837364 4.2777082982174335 4.140454157185723 4.140454157185723 4.140454157185723 4.140454157185723 4.140454157185723 4.140454157185723 4.140454157185723 4.140454157185723 4.140454157185723 4.140454157185723 4.140454157185723 4.140454157185723 4.140454157185723 4.140454157185723 4.140454157185723 4.140454157185723 4.140454157185723 4.140454157185723 4.140454157185723 4.140454157185723 4.140454157185723 6.0 6.0 6.0 6.0 6.0 6.0 6.0 6.0 6.0 6.0 6.0 6.0 6.0 8.537685850541902 8.678347592568134 8.843818147043047 9.04181835392107 9.283566407979428 9.58565290571356 9.971724041924894 11.445467040645616 12.052266652183562 12.284610063497116 12.234144311763108 11.83469371937053 11.326308200343693 10.84238767924675 9.53357514903286 9.26135792429529
4.146199003088999 4.163740175391657 4.3499316536872445 4.304438972161959 4.425598729382713 4.407729369403171 4.293983352819276 4.297350185405206 4.152074983755943 4.152074983755943 4.140454157185723 4.140454157185723 4.140454157185723 4.140454157185723 4.140454157185723 4.140454157185723 4.140454157185723 4.140454157185723 4.140454157185723 4.140454157185723 4.140454157185723 4.140454157185723 4.140454157185723 4.140454157185723 4.140454157185723 4.140454157185723 4.140454157185723 4.140454157185723 4.140454157185723 4.140454157185723 6.0 6.0 6.0 6.0 6.0 6.0 6.0 6.0 6.0 6.0 6.0 6.0 7.122885024913947 8.566379535295505 8.715787124210864 8.894161814019176 9.112118076545576 9.38667901942372 9.747538004028174 11.200811963407055 12.13602357870019 13.264330264045764 13.640818042866748 13.706724118871605 12.931767203773976 11.970019538953682 11.223632499564236 10.659406604852515 9.379366974980277
4.146199003088999 4.140454157185723 4.140454157185723 4.285830768549897 4.15118789086794 4.192622267316705 4.230653451848445 5.656189217525753 5.7102996237902 5.651425119501448 5.653169627663605 5.5958832278618225 5.348364819864295 4.5315119086882785 4.140454157185723 4.140454157185723 4.140454157185723 4.140454157185723 4.140454157185723 4.140454157185723 4.140454157185723 4.140454157185723 4.140454157185723 4.140454157185723 4.140454157185723 4.140454157185723 4.140454157185723 4.140454157185723 4.140454157185723 4.140454157185723 6.0 6.0 6.0 6.0 6.0 6.0 6.0 6.0 6.0 6.0 6.0 6.0 7.123661839646866 8.5820823476141 8.736304982996744 8.921801491028344 9.150791246248234 9.443471129628382 9.83643481028218 11.38890280396405 12.517350907610117 13.901552370613178 14.749785705330583 14.841558351650542 14.114247599391934 12.628614153982209 11.540773552798314 10.831125433045742 9.461972860830508
4.140454157185723 4.140454157185723 4.140454157185723 4.140454157185723 4.140454157185723 5.661172297812616 5.6246267851688145 5.688302730099679 5.8015986540313325 5.748627648528801 5.780830219915619 5.723477392203544 4.609965416723186 4.527176310359228 4.505895674158497 4.488230231316814 4.140454157185723 4.140454157185723 4.140454157185723 4.140454157185723 4.140454157185723 4.140454157185723 4.140454157185723 4.140454157185723 4.140454157185723 4.140454157185723 4.140454157185723 4.140454157185723 4.140454157185723 4.140454157185723 6.0 6.0 6.0 6.0 6.0 6.0 6.0 6.0 6.0 6.0 6.0 6.0 7.122885024913947 8.588696469939878 8.744949798158867 8.933454462368818 9.167111644527482 9.467453089989682 9.87385073973044 11.456263620664771 12.630888934810056 14.410676137015274 15.6349585058372 15.6349585058372 14.925907666744429 13.116365411923192 11.7184978556741 10.91485826211023 9.505679710682545
4.140454157185723 4.140454157185723 4.140454157185723 4.140454157185723 4.140454157185723 5.669551946470413 5.625111746608068 5.870779317142969 5.861709228884374 5.986332480450933 5.9770898733493505 4.999090262223141 4.854082725763701 4.758155596169658 4.705670289941382 4.532743576139438 4.140454157185723 4.140454157185723 4.140454157185723 4.140454157185723 4.140454157185723 4.140454157185723 4.140454157185723 4.140454157185723 4.140454157185723 4.140454157185723 4.140454157185723 4.140454157185723 4.140454157185723 4.140454157185723 6.0 6.0 6.0 6.0 6.0 6.0 6.0 6.0 6.0 6.0 6.0 6.0 6.0 8.581619017151597 8.7352917370208 8.91969908521253 9.146395239232387 9.433800527465532 9.813001421625604 11.322231723262059 12.269762660160328 13.754173118897404 14.999420399898552 14.925907666744429 14.549504055771965 13.028214667057533 11.666683298761463 10.884082830370021 9.488706440207332
4.140454157185723 4.140454157185723 4.140454157185723 4.140454157185723 5.536889987189639 5.586078774137821 5.82042925328458 5.937366468764941 6.113702008006482 6.275106983953641 5.2911846755866705 5.260824916911641 5.160144073808334 4.827431644448529 4.6959326256589184 4.644233326807594 4.472508830156559 4.140454157185723 4.140454157185723 4.140454157185723 4.140454157185723 4.140454157185723 4.140454157185723 4.140454157185723 4.140454157185723 4.140454157185723 4.140454157185723 4.140454157185723 4.140454157185723 4.140454157185723 6.0 6.0 6.0 6.0 6.0 6.0 6.0 6.0 6.0 6.0 6.0 6.0 6.0 8.565336264541354 8.713475169401018 8.889402910513677 9.102409111328367 9.366272675062183 9.701888246692551 11.088357226671206 11.81845281699032 12.876299653774149 13.983685895545864 14.00153821242981 13.821614821244191 12.549168460637505 11.460057696656346 10.772902646325814 9.440977177483427
