learning-packages/demo - Copie/includes/altitude_water_level.asc
ncols         200
nrows         200
xllcorner     -100.0
yllcorner     -100.0
cellsize      1.0
[rows 104 to 129 of 200, columns 0 to 58 of 200]
4.140454157185723 4.140454157185723 4.140454157185723 4.140454157185723 4.345136525239658 4.389092742370162 4.993205061894621 5.22625998180178 5.1908402573953705 5.359712541509799 5.370921632335593 5.532480863393873 5.531369547533612 5.385271847555546 5.381638596115881 5.279968403571593 5.269329993201239 4.536193571663044 4.429196020529087 4.338172444468013 4.304799293559333 4.140454157185723 4.140454157185723 4.140454157185723 4.140454157185723 4.140454157185723 4.140454157185723 4.140454157185723 4.140454157185723 4.140454157185723 6.0 6.0 6.0 6.0 6.0 6.0 6.0 6.0 6.0 6.0 6.0 6.0 6.0 6.0 6.0 6.0 6.0 6.0 6.0 6.0 6.0 6.0 6.0 6.0 6.0 6.0 6.0 6.0 6.0
4.140454157185723 4.140454157185723 4.140454157185723 4.140454157185723 4.190523088952464 5.000691558368144 5.176929300198786 5.190388469313131 5.4023665088638655 5.59278528265952 5.752601784753223 5.852369430443767 5.725441060874543 5.7708064390245255 5.566732102747231 5.462179455667035 5.368969646833843 5.1847157254882665 4.529279771569518 4.303580084701702 4.303580084701702 4.140454157185723 4.140454157185723 4.140454157185723 4.140454157185723 4.140454157185723 4.140454157185723 4.140454157185723 4.140454157185723 4.140454157185723 6.0 6.0 6.0 6.0 6.0 6.0 6.0 6.0 6.0 6.0 6.0 6.0 6.0 6.0 6.0 6.0 6.0 6.0 6.0 6.0 6.0 6.0 6.0 6.0 6.0 6.0 6.0 6.0 6.0
4.140454157185723 4.140454157185723 4.140454157185723 4.140454157185723 5.036763608277157 5.107903817947315 5.2737473757203235 5.303140163911047 5.515452233105795 5.804768236211627 5.976950974963053 6.1271990996696335 6.285709754120529 6.183076059922383 6.080544347171509 5.856427852316827 5.481118609358256 5.338972590053926 5.132433011515256 4.311984903611371 4.349450722665478 4.140454157185723 4.140454157185723 4.140454157185723 4.140454157185723 4.140454157185723 4.140454157185723 4.140454157185723 4.140454157185723 4.140454157185723 6.0 6.0 6.0 6.0 6.0 6.0 6.0 6.0 6.0 6.0 6.0 6.0 6.0 6.0 6.0 6.0 6.0 6.0 6.0 6.0 6.0 6.0 6.0 6.8964203773388135 6.922813833428648 6.937583544801839 6.939514726082692 6.937583544801839 6.922813833428648
4.140454157185723 4.140454157185723 4.140454157185723 4.96656400866176 4.972221120038061 5.234686956116171 5.320694157314258 5.446893241211127 5.857534465347223 6.0495112045934905 6.601728291193853 6.869736767520351 7.129215336128373 7.019174439570323 6.401683002449635 6.099228504808034 5.605144041930447 5.49089646474055 5.319803419440403 5.025906638714123 4.315921937354185 4.173597635573827 4.140454157185723 4.140454157185723 4.140454157185723 4.140454157185723 4.140454157185723 4.140454157185723 4.140454157185723 4.140454157185723 6.0 6.0 6.0 6.0 6.0 6.0 6.0 6.0 6.0 6.0 6.0 6.0 6.0 6.0 6.0 6.0 6.0 6.0 6.0 6.0 6.0 6.0 6.922813833428648 6.971121273522896 7.011671013913557 7.035491340005794 7.038672610476606 7.035491340005794 7.011671013913557
4.140454157185723 4.140454157185723 4.140454157185723 4.924171165696209 5.021806367565043 5.139964535896049 5.384898377719907 5.56947041591983 5.962395671367904 6.309110687631254 7.1610320020292555 7.801799120740117 7.846699517152141 7.774877480326286 6.973584983762405 6.156925923090599 5.717796843150685 5.588003638698209 5.33264897288572 5.032580250194691 4.281746928497897 4.260433754983666 4.140454157185723 4.140454157185723 4.140454157185723 4.140454157185723 4.140454157185723 4.140454157185723 4.140454157185723 4.140454157185723 6.0 6.0 6.0 6.0 6.0 6.0 6.0 6.0 6.0 6.0 6.0 6.0 6.0 6.0 6.0 6.0 6.0 6.0 6.0 6.0 6.0 6.922813833428648 6.990360739256955 7.062409643968622 7.129127372752661 7.171810629498733 7.177744037543726 7.171810629498733 7.129127372752661
4.140454157185723 4.140454157185723 4.140454157185723 5.0143726577349295 5.1683917043385135 5.200714754051635 5.518635567562236 5.692546864372021 6.123843978438478 6.5388337348019885 7.297617604577958 8.106846249258517 8.05934811225426 7.919289365464506 7.158544199671511 6.39740558220757 5.859168429439668 5.538470748593715 5.276934792968292 5.129451935672699 4.372416914873388 4.24729378055977 4.140454157185723 4.140454157185723 4.140454157185723 4.140454157185723 4.140454157185723 4.140454157185723 4.140454157185723 4.140454157185723 6.0 6.0 6.0 6.0 6.0 6.0 6.0 6.0 6.0 6.0 6.0 6.0 6.0 6.0 6.0 6.0 6.0 6.0 6.0 6.0 6.8964203773388135 6.971121273522896 7.062409643968622 7.171810629498733 7.290417383802217 7.379928541111612 7.3935255380357106 7.379928541111612 7.290417383802217
4.140454157185723 4.140454157185723 4.140454157185723 4.904324389407082 5.160091498670385 5.341318314117006 5.380114556173956 5.800148183056633 6.10916671162755 6.660055973082586 7.520022189699289 8.390721575812147 8.431136643305813 8.275216061058707 7.279125284984959 6.419268967735791 5.916906520978692 5.548810996642718 5.241947935814515 5.081913962815522 4.923572000103034 4.168762115524567 4.140454157185723 4.140454157185723 4.140454157185723 4.140454157185723 4.140454157185723 4.140454157185723 4.140454157185723 4.140454157185723 6.0 6.0 6.0 6.0 6.0 6.0 6.0 6.0 6.0 6.0 6.0 6.0 6.0 6.0 6.0 6.0 6.0 6.0 6.0 6.0 6.922813833428648 7.011671013913557 7.129127372752661 7.290417383802217 7.512801017652475 7.752265596643001 7.79903373377568 7.752265596643001 7.512801017652475
4.140454157185723 4.140454157185723 4.140454157185723 4.984472442281116 5.141135467478172 5.174555195267026 5.53663038132037 5.716959800536392 6.142710451076097 6.731126210745909 7.513676520365117 7.970526528075956 8.119992540368687 7.642686192214768 6.766978354767344 6.205864530348499 5.7407881032126635 5.592579968457717 5.248197315054655 5.083587126929186 5.053803815217749 4.27502320112415 4.140454157185723 4.140454157185723 4.140454157185723 4.140454157185723 4.140454157185723 4.140454157185723 4.140454157185723 4.140454157185723 6.0 6.0 6.0 6.0 6.0 6.0 6.0 6.0 6.0 6.0 6.0 6.0 6.0 6.0 6.0 6.0 6.0 6.0 6.0 6.0 6.937583544801839 7.035491340005794 7.171810629498733 7.379928541111612 7.752265596643001 8.203357338902224 8.203357338902224 8.203357338902224 7.752265596643001
4.140454157185723 4.140454157185723 4.140454157185723 4.140454157185723 5.0671258133490005 5.141711774041584 5.33129286203505 5.711553824286799 6.050523319986899 6.623962973531704 7.048785172276789 7.356816382002796 7.334057511330711 7.008737799939636 6.439243213157404 6.075113052030157 5.815564134006392 5.435113717088978 5.252661689432001 5.127500945631642 4.99067660199675 4.140454157185723 4.140454157185723 4.140454157185723 4.140454157185723 4.140454157185723 4.140454157185723 4.140454157185723 4.140454157185723 4.140454157185723 6.0 6.0 6.0 6.0 6.0 6.0 6.0 6.0 6.0 6.0 6.0 6.0 6.0 6.0 6.0 6.0 6.0 6.0 6.0 6.0 6.939514726082692 7.038672610476606 7.177744037543726 7.3935255380357106 7.79903373377568 8.203357338902224 8.203357338902224 8.203357338902224 7.79903373377568
4.140454157185723 4.140454157185723 4.140454157185723 4.140454157185723 5.0150301587062 5.198798870132487 5.412186576984209 5.495522787051539 5.880688690291503 6.274770060332726 6.914715415062639 6.9364826542043225 6.925190624566514 6.462200215697754 6.090808642776655 5.736982990437508 5.650110139690913 5.438531715331981 5.2977840902013735 5.030461416734047 5.030461416734047 4.140454157185723 4.140454157185723 4.140454157185723 4.140454157185723 4.140454157185723 4.140454157185723 4.140454157185723 4.140454157185723 4.140454157185723 6.0 6.0 6.0 6.0 6.0 6.0 6.0 6.0 6.0 6.0 6.0 6.0 6.0 6.0 6.0 6.0 6.0 6.0 6.0 6.0 6.937583544801839 7.035491340005794 7.171810629498733 7.379928541111612 7.752265596643001 8.203357338902224 8.203357338902224 8.203357338902224 7.752265596643001
4.140454157185723 4.140454157185723 4.140454157185723 4.140454157185723 4.911135497640492 5.175004595074171 5.279836440990856 5.518602369515909 5.6458859945725575 6.025797590468518 6.221612105255643 6.375871366445721 6.339630365071493 6.171239640614482 5.908263890842441 5.625242576514188 5.408498677195393 5.285920060855016 5.118882196880355 5.0556729057273815 4.950146533192452 4.140454157185723 4.140454157185723 4.140454157185723 4.140454157185723 4.140454157185723 4.140454157185723 4.140454157185723 4.140454157185723 4.140454157185723 6.0 6.0 6.0 6.0 6.0 6.0 6.0 6.0 6.0 6.0 6.0 6.0 6.0 6.0 6.0 6.0 6.0 6.0 6.0 6.0 6.922813833428648 7.011671013913557 7.129127372752661 7.290417383802217 7.512801017652475 7.752265596643001 7.79903373377568 7.752265596643001 7.512801017652475
4.140454157185723 4.140454157185723 4.140454157185723 4.140454157185723 4.140454157185723 5.012524603222129 5.1861375228803475 5.3108308027146585 5.552805249667602 5.543267547699928 5.791606364648038 5.792732077340712 5.881128615198394 5.655949870011801 5.5369857766272945 5.521863373873552 5.302094101809475 5.1936383388264655 5.062761645449735 5.008443293723855 4.140454157185723 4.140454157185723 4.140454157185723 4.140454157185723 4.140454157185723 4.140454157185723 4.140454157185723 4.140454157185723 4.140454157185723 4.140454157185723 6.0 6.0 6.0 6.0 6.0 6.0 6.0 6.0 6.0 6.0 6.0 6.0 6.0 6.0 6.0 6.0 6.0 6.0 6.0 6.0 6.8964203773388135 6.971121273522896 7.062409643968622 7.171810629498733 7.290417383802217 7.379928541111612 7.3935255380357106 7.379928541111612 7.290417383802217
4.140454157185723 4.140454157185723 4.140454157185723 4.140454157185723 4.140454157185723 4.140454157185723 5.014240954274637 5.1988382728444265 5.321998664550062 5.3600123770892925 5.517533114557855 5.463465203616903 5.540062830495241 5.475692490837211 5.323349857353007 5.216957750115771 5.069279764604156 5.04481784469756 5.042412229086964 4.140454157185723 4.140454157185723 4.140454157185723 4.140454157185723 4.140454157185723 4.140454157185723 4.140454157185723 4.140454157185723 4.140454157185723 4.140454157185723 4.140454157185723 6.0 6.0 6.0 6.0 6.0 6.0 6.0 6.0 6.0 6.0 6.0 6.0 6.0 6.0 6.0 6.0 6.0 6.0 6.0 6.0 6.0 6.922813833428648 6.990360739256955 7.062409643968622 7.129127372752661 7.171810629498733 7.177744037543726 7.171810629498733 7.129127372752661
4.140454157185723 4.140454157185723 4.140454157185723 4.140454157185723 4.140454157185723 4.140454157185723 4.140454157185723 5.125181775858356 5.071438360831963 5.2349366683943686 5.258684624920317 5.322192566615808 5.1871117644489955 5.145886467822211 5.2218622480952765 5.183829285865332 5.059280623146236 4.885722664136433 4.140454157185723 4.140454157185723 4.140454157185723 4.140454157185723 4.140454157185723 4.140454157185723 4.140454157185723 4.140454157185723 4.140454157185723 4.140454157185723 4.140454157185723 4.140454157185723 6.0 6.0 6.0 6.0 6.0 6.0 6.0 6.0 6.0 6.0 6.0 6.0 6.0 6.0 6.0 6.0 6.0 6.0 6.0 6.0 6.0 6.0 6.922813833428648 6.971121273522896 7.011671013913557 7.035491340005794 7.038672610476606 7.035491340005794 7.011671013913557
4.140454157185723 4.140454157185723 4.140454157185723 4.140454157185723 4.140454157185723 4.140454157185723 4.140454157185723 4.140454157185723 4.140454157185723 4.140454157185723 5.123036941069049 4.999913346181371 4.9823664000923475 5.048659299359973 4.960018589348122 4.140454157185723 4.140454157185723 4.140454157185723 4.140454157185723 4.140454157185723 4.140454157185723 4.140454157185723 4.140454157185723 4.140454157185723 4.140454157185723 4.140454157185723 4.140454157185723 4.140454157185723 4.140454157185723 4.140454157185723 6.0 6.0 6.0 6.0 6.0 6.0 6.0 6.0 6.0 6.0 6.0 6.0 6.0 6.0 6.0 6.0 6.0 6.0 6.0 6.0 6.0 6.0 6.0 6.8964203773388135 6.922813833428648 6.937583544801839 6.939514726082692 6.937583544801839 6.922813833428648
4.140454157185723 4.140454157185723 4.140454157185723 4.140454157185723 4.140454157185723 4.140454157185723 4.140454157185723 4.140454157185723 4.140454157185723 4.140454157185723 4.140454157185723 4.140454157185723 4.140454157185723 4.140454157185723 4.140454157185723 4.140454157185723 4.140454157185723 4.140454157185723 4.140454157185723 4.140454157185723 4.140454157185723 4.140454157185723 4.140454157185723 4.140454157185723 4.140454157185723 4.140454157185723 4.140454157185723 4.140454157185723 4.140454157185723 4.140454157185723 6.0 6.0 6.0 6.0 6.0 6.0 6.0 6.0 6.0 6.0 6.0 6.0 6.0 6.0 6.0 6.0 6.0 6.0 6.0 6.0 6.0 6.0 6.0 6.0 6.0 6.0 6.0 6.0 6.0
4.140454157185723 4.140454157185723 4.140454157185723 4.140454157185723 4.140454157185723 4.140454157185723 4.140454157185723 4.140454157185723 4.140454157185723 4.140454157185723 4.140454157185723 4.140454157185723 4.140454157185723 4.140454157185723 4.140454157185723 4.140454157185723 4.140454157185723 4.140454157185723 4.140454157185723 4.140454157185723 4.140454157185723 4.140454157185723 4.140454157185723 4.140454157185723 4.140454157185723 4.140454157185723 4.140454157185723 4.140454157185723 4.140454157185723 4.140454157185723 6.0 6.0 6.0 6.0 6.0 6.0 6.0 6.0 6.0 6.0 6.0 6.0 6.0 6.0 6.0 6.0 6.0 6.0 6.0 6.0 6.0 6.0 6.0 6.0 6.0 6.0 6.0 6.0 6.0
4.140454157185723 4.140454157185723 4.140454157185723 4.140454157185723 4.140454157185723 4.140454157185723 4.140454157185723 4.140454157185723 4.140454157185723 4.140454157185723 4.140454157185723 4.140454157185723 4.140454157185723 4.140454157185723 4.140454157185723 4.140454157185723 4.140454157185723 4.140454157185723 4.140454157185723 4.140454157185723 4.140454157185723 4.140454157185723 4.140454157185723 4.140454157185723 4.140454157185723 4.140454157185723 4.140454157185723 4.140454157185723 4.140454157185723 4.140454157185723 6.0 6.0 6.0 6.0 6.0 6.0 6.0 6.0 6.0 6.0 6.0 6.0 6.0 6.0 6.0 6.0 6.0 6.0 6.0 6.0 6.0 6.0 6.0 6.0 6.0 6.0 6.0 6.0 6.0
4.140454157185723 4.140454157185723 4.140454157185723 4.140454157185723 4.140454157185723 4.140454157185723 4.140454157185723 4.140454157185723 4.140454157185723 4.140454157185723 4.140454157185723 4.140454157185723 4.140454157185723 4.140454157185723 4.140454157185723 4.140454157185723 4.140454157185723 4.140454157185723 4.140454157185723 4.140454157185723 4.140454157185723 4.140454157185723 4.140454157185723 4.140454157185723 4.140454157185723 4.140454157185723 4.140454157185723 4.140454157185723 4.140454157185723 4.140454157185723 6.0 6.0 6.0 6.0 6.0 6.0 6.0 6.0 6.0 6.0 6.0 6.0 6.0 6.0 6.0 6.0 6.0 6.0 6.0 6.0 6.0 6.0 6.0 6.0 6.0 6.0 6.0 6.0 6.0
4.140454157185723 4.140454157185723 4.140454157185723 4.140454157185723 4.140454157185723 4.140454157185723 4.140454157185723 4.140454157185723 4.140454157185723 4.140454157185723 4.140454157185723 4.140454157185723 4.140454157185723 4.140454157185723 4.140454157185723 4.140454157185723 4.140454157185723 4.140454157185723 4.140454157185723 4.140454157185723 4.140454157185723 4.140454157185723 4.140454157185723 4.140454157185723 4.140454157185723 4.140454157185723 4.140454157185723 4.140454157185723 4.140454157185723 4.140454157185723 6.0 6.0 6.0 6.0 6.0 6.0 6.0 6.0 6.0 6.0 6.0 6.0 6.0 6.0 6.0 6.0 6.0 6.0 6.0 6.0 6.0 6.0 6.0 6.0 6.0 6.0 6.0 6.0 6.0
4.140454157185723 4.140454157185723 4.140454157185723 4.140454157185723 4.140454157185723 4.140454157185723 4.140454157185723 4.140454157185723 4.140454157185723 4.140454157185723 4.140454157185723 4.140454157185723 4.140454157185723 4.140454157185723 4.140454157185723 4.140454157185723 4.140454157185723 4.140454157185723 4.140454157185723 4.140454157185723 4.140454157185723 4.140454157185723 4.140454157185723 4.140454157185723 4.140454157185723 4.140454157185723 4.140454157185723 4.140454157185723 4.140454157185723 4.140454157185723 6.0 6.0 6.0 6.0 6.0 6.0 6.0 6.0 6.0 6.0 6.0 6.0 6.0 6.0 6.0 6.0 6.0 6.0 6.0 6.0 6.0 6.0 6.0 6.0 6.0 6.0 6.0 6.0 6.0
4.140454157185723 4.140454157185723 4.140454157185723 4.140454157185723 4.140454157185723 4.140454157185723 4.140454157185723 4.140454157185723 4.140454157185723 4.140454157185723 4.140454157185723 4.140454157185723 4.140454157185723 4.140454157185723 4.140454157185723 4.140454157185723 4.140454157185723 4.140454157185723 4.140454157185723 4.140454157185723 4.140454157185723 4.140454157185723 4.140454157185723 4.140454157185723 4.140454157185723 4.140454157185723 4.140454157185723 4.140454157185723 4.140454157185723 4.140454157185723 6.0 6.0 6.0 6.0 6.0 6.0 6.0 6.0 6.0 6.0 6.0 6.0 6.0 6.0 6.0 6.0 6.0 6.0 6.0 6.0 6.0 6.0 6.0 6.0 6.0 6.0 6.0 6.0 6.0
4.140454157185723 4.140454157185723 4.140454157185723 4.140454157185723 4.140454157185723 4.140454157185723 4.140454157185723 4.140454157185723 4.140454157185723 4.140454157185723 4.140454157185723 4.140454157185723 4.140454157185723 4.140454157185723 4.140454157185723 4.140454157185723 4.140454157185723 4.140454157185723 4.140454157185723 4.140454157185723 4.140454157185723 4.140454157185723 4.140454157185723 4.140454157185723 4.140454157185723 4.140454157185723 4.140454157185723 4.140454157185723 4.140454157185723 4.140454157185723 6.0 6.0 6.0 6.0 6.0 6.0 6.0 6.0 6.0 6.0 6.0 6.0 6.0 6.0 6.0 6.0 6.0 6.0 6.0 6.0 6.0 6.0 6.0 6.0 6.0 6.0 6.0 6.0 6.0
4.140454157185723 4.140454157185723 4.140454157185723 4.140454157185723 4.140454157185723 4.140454157185723 4.140454157185723 4.140454157185723 4.140454157185723 4.140454157185723 4.140454157185723 4.140454157185723 4.140454157185723 4.140454157185723 4.140454157185723 4.140454157185723 4.140454157185723 4.140454157185723 4.140454157185723 4.140454157185723 4.140454157185723 4.140454157185723 4.140454157185723 4.140454157185723 4.140454157185723 4.140454157185723 4.140454157185723 4.140454157185723 4.140454157185723 4.140454157185723 6.0 6.0 6.0 6.0 6.0 6.0 6.0 6.0 6.0 6.0 6.0 6.0 6.0 6.0 6.0 6.0 6.0 6.0 6.0 6.0 6.0 6.0 6.0 6.0 6.0 6.0 6.0 6.0 6.0
4.140454157185723 4.140454157185723 4.140454157185723 4.140454157185723 4.140454157185723 4.140454157185723 4.140454157185723 4.140454157185723 4.140454157185723 4.140454157185723 4.140454157185723 4.140454157185723 4.140454157185723 4.140454157185723 4.140454157185723 4.140454157185723 4.140454157185723 4.140454157185723 4.140454157185723 4.140454157185723 4.140454157185723 4.140454157185723 4.140454157185723 4.140454157185723 4.140454157185723 4.140454157185723 4.140454157185723 4.140454157185723 4.140454157185723 4.140454157185723 6.0 6.0 6.0 6.0 6.0 6.0 6.0 6.0 6.0 6.0 6.0 6.0 6.0 6.0 6.0 6.0 6.0 6.0 6.0 6.0 6.0 6.0 6.0 6.0 6.0 6.0 6.0 6.0 6.0
4.140454157185723 4.140454157185723 4.140454157185723 4.140454157185723 4.140454157185723 4.140454157185723 4.140454157185723 4.140454157185723 4.140454157185723 4.140454157185723 4.140454157185723 4.140454157185723 4.140454157185723 4.140454157185723 4.140454157185723 4.140454157185723 4.140454157185723 4.140454157185723 4.140454157185723 4.140454157185723 4.140454157185723 4.140454157185723 4.140454157185723 4.140454157185723 4.140454157185723 4.140454157185723 4.140454157185723 4.140454157185723 4.140454157185723 4.140454157185723 6.0 6.0 6.0 6.0 6.0 6.0 6.0 6.0 6.0 6.0 6.0 6.0 6.0 6.0 6.0 6.0 6.0 6.0 6.0 6.0 6.0 6.0 6.0 6.0 6.0 6.0 6.0 6.0 6.0
