learning-packages/demo - Copie/includes/altitude_water_level.asc
ncols         200
nrows         200
xllcorner     -100.0
yllcorner     -100.0
cellsize      1.0
[rows 130 to 155 of 200, columns 59 to 117 of 200]
6.0 6.0 6.0 6.0 6.0 6.0 6.0 6.0 6.0 2.5911075702720083 2.562362900691074 2.53172216471068 2.498942677388373 2.463733769244743 2.4257435097666207 2.384540560576463 2.33958886550227 2.290211527753177 2.235537870176121 2.1744234194923813 2.105324487994782 2.0260928399506586 1.9336211623929023 1.8231888362096962 1.6871464226666193 1.5119459520569687 1.2702251228840304 0.8933009879488066 0.35 0.35 0.35 0.3765112753516776 1.0034791017851226 1.3367788824877231 1.558670478693391 1.7227148469811588 1.851672872149325 1.9572389493230031 2.0461783422796045 2.122738779261376 2.189752743391986 2.249198318533605 2.302508463495792 2.350752626022404 2.3947489249252327 2.43513639069178 2.472423137924354 2.507019456847068 2.539261134545114 2.569426261178787 2.597747580934068 6.0 6.0 6.0 6.0 6.0 6.0 6.0 6.0
6.0 6.0 6.0 6.0 6.0 6.0 6.0 6.0 6.0 2.590544895105043 2.562083735749864 2.5317615851372848 2.4993424459410036 2.464544115793159 2.4270255366407563 2.386369555228989 2.342058960423758 2.293442416291885 2.23968475985549 2.179692273495781 2.111996285242512 2.03456403173879 1.9444751128406075 1.837331411669865 1.7060886945399674 1.5384742819234891 1.3103165827045393 0.9635627996320599 0.345 0.345 0.345 0.345 0.9268929382532376 1.288146657498949 1.522905149749555 1.6942353121231088 1.8278382590222677 1.936603443191846 2.0278694654755007 2.1061919323921376 2.1745827913185805 2.2351314921383336 2.2893436001907777 2.3383378324733055 2.382966866020177 2.423894655548054 2.4616477239318124 2.4966502390860272 2.529248639266564 2.5597293192977872 2.588331589632636 6.0 6.0 6.0 6.0 6.0 6.0 6.0 6.0
6.0 6.0 6.0 6.0 6.0 6.0 6.0 6.0 6.0 2.5899397401634987 2.5617570052255854 2.5317474178409674 2.4996814283175364 2.4652849803483163 2.428227451315958 2.388105266439304 2.344419198570335 2.296542218918664 2.2436727984819407 2.184765056110111 2.1184206124390568 2.0427141435501275 1.9548976302857026 1.8508670259435087 1.7241216300250155 1.5635097973277263 1.347573893778908 1.0267897026973207 0.4396827099524173 0.33999999999999997 0.33999999999999997 0.33999999999999997 0.842593780240546 1.236503902413034 1.4855783897946764 1.664813303169626 1.803378361475005 1.9155253871294944 2.009232292063833 2.0893926832766505 2.1592132576169396 2.2209032334005543 2.2760457009215025 2.3258116752800615 2.3710903366518346 2.4125718575253434 2.4508020554981873 2.4862195995260867 2.5191820273405856 2.5499843672810796 2.5788727415568298 6.0 6.0 6.0 6.0 6.0 6.0 6.0 6.0
6.0 6.0 6.0 6.0 6.0 6.0 6.0 6.0 6.0 6.0 2.5613835804408436 2.5316806983504923 2.49996086738114 2.4659578711844614 2.4293511071155094 2.3897500040463378 2.3466725060021076 2.299514712970991 2.2475069716151426 2.1896485234830476 2.1246069221853117 2.050556932626549 1.9649097625040572 1.8638300550658982 1.741306608141107 1.587177175549821 1.3823074351541509 1.0841005129304389 0.5638198864254091 0.33499999999999996 0.33499999999999996 0.33499999999999996 0.7489066993366134 1.1814464645403744 1.4465384764126217 1.6343770570163887 1.7782540370836317 1.8939812611370441 1.9902516632011165 2.0723307290408255 2.1436368421205936 2.206508193403682 2.2626107369092083 2.313171049141041 2.359116895938736 2.4011660453891386 2.4398845497951127 2.4757262375839924 2.509060217889312 2.5401904977064453 2.5693702679644623 6.0 6.0 6.0 6.0 6.0 6.0 6.0 6.0
6.0 6.0 6.0 6.0 6.0 6.0 6.0 6.0 6.0 6.0 2.5609643096935835 2.5315624333416564 2.5001819693719853 2.466564249417966 2.4303982956476298 2.391305995621401 2.3488216967723052 2.3023635195089307 2.251192040416804 2.1943490983598144 2.1305641508558963 2.0581053151819217 1.974531096055002 1.8762521141302662 1.7576991607622197 1.6095865005877226 1.4147804820169152 1.1363726085545514 0.6698992390048203 0.32999999999999996 0.32999999999999996 0.32999999999999996 0.6435693098986554 1.1224861211221402 1.4056112491940436 1.6028465768604434 1.7524224747707478 1.8719456819376994 1.9709113800795142 2.0549951435137728 2.12784584969513 2.1919407614937114 2.249034499434036 2.3004127211883127 2.3470440101755985 2.3896751988323537 2.428893571586563 2.465168812229698 2.498882098345555 2.5303467779886577 2.5598233798912307 6.0 6.0 6.0 6.0 6.0 6.0 6.0 6.0
6.0 6.0 6.0 6.0 6.0 6.0 6.0 6.0 6.0 6.0 2.5605000190491127 2.5313936016833436 2.5003459053107173 2.467105530923819 2.4313707494750254 2.3927753902715834 2.3508694784881827 2.3050921116929697 2.254732554723292 2.198872891349791 2.1363007549812023 2.0653714326207666 1.9837798866022245 1.888162341216811 1.7733496826053161 1.6308354261352116 1.4452181646175533 1.1843060103169882 0.7620699714344281 0.32499999999999996 0.32499999999999996 0.32499999999999996 0.5234277458445671 1.0590260228193402 1.3625955426945697 1.5701323460685097 1.7258367298605355 1.8493912043110765 1.951194108230317 2.037374326781358 2.1118321617080227 2.177195048208006 2.2353125891371644 2.287533324020041 2.334869048144463 2.3780972252301735 2.4178274309275443 2.4545459403192202 2.4886465232221164 2.520452249455638 2.5502312674467307 2.5782084422650424 6.0 6.0 6.0 6.0 6.0 6.0 6.0
6.0 6.0 6.0 6.0 6.0 6.0 6.0 6.0 6.0 6.0 2.5599915130986646 2.531175155437033 2.5004538123359437 2.467583088156612 2.4322701446429242 2.394160262227817 2.352818457534091 2.3077038226127957 2.258132865188258 2.2032257205387125 2.1418247445071734 2.072366711420453 1.9926731751432598 1.899587646033691 1.788304037475946 1.6510109551380454 1.4738144086937726 1.228467651567199 0.8432249542695459 0.31999999999999995 0.31999999999999995 0.31999999999999995 0.383910172264193 0.9903265892104814 1.3172574096621745 1.5361337836806626 1.6984451839049122 1.826288095517787 1.931081270680314 2.0194559495853057 2.0955872049022206 2.16226486680378 2.2214404045241998 2.2745293482554825 2.3225892761290092 2.36642995620399 2.4066843807363467 2.4438561948415747 2.4783523128213734 2.5105059263822533 2.54059309907989 2.568844970604862 6.0 6.0 6.0 6.0 6.0 6.0 6.0
6.0 6.0 6.0 6.0 6.0 6.0 6.0 6.0 6.0 6.0 2.559439575686178 2.530908020812195 2.500506794979407 2.467998251881644 2.4330981030744527 2.3954626142319864 2.3546711439809016 2.3102018526093815 2.2613971345730803 2.2074131295976565 2.147143713247134 2.07910191738679 2.0012268919273097 1.9105529283773093 1.802604078351905 1.67019091430064 1.5007373771730972 1.2693227318911684 0.9154570701685825 0.31499999999999995 0.31499999999999995 0.31499999999999995 0.31499999999999995 0.9154570701685825 1.2693227318911684 1.5007373771730972 1.67019091430064 1.802604078351905 1.9105529283773093 2.0012268919273097 2.07910191738679 2.147143713247134 2.2074131295976565 2.2613971345730803 2.3102018526093815 2.3546711439809016 2.3954626142319864 2.4330981030744527 2.467998251881644 2.500506794979407 2.530908020812195 2.559439575686178 6.0 6.0 6.0 6.0 6.0 6.0 6.0
6.0 6.0 6.0 6.0 6.0 6.0 6.0 6.0 6.0 6.0 2.5588449706048624 2.53059309907989 2.5005059263822536 2.4683523128213736 2.433856194841575 2.396684380736347 2.35642995620399 2.3125892761290094 2.2645293482554827 2.2114404045242 2.15226486680378 2.085587204902221 2.009455949585306 1.9210812706803142 1.8162880955177871 1.6884451839049124 1.5261337836806628 1.3072574096621747 0.9803265892104815 0.3739101722641931 0.31000000000000005 0.31000000000000005 0.31000000000000005 0.833224954269546 1.2184676515671993 1.4638144086937728 1.6410109551380456 1.7783040374759462 1.8895876460336911 1.98267317514326 2.062366711420453 2.1318247445071736 2.1932257205387127 2.2481328651882584 2.297703822612796 2.3428184575340913 2.3841602622278173 2.4222701446429244 2.4575830881566123 2.490453812335944 2.5211751554370334 2.549991513098665 6.0 6.0 6.0 6.0 6.0 6.0 6.0
6.0 6.0 6.0 6.0 6.0 6.0 6.0 6.0 6.0 6.0 2.558208442265043 2.530231267446731 2.500452249455638 2.4686465232221164 2.4345459403192207 2.3978274309275447 2.3580972252301735 2.314869048144463 2.267533324020041 2.2153125891371643 2.1571950482080062 2.091832161708023 2.0173743267813586 1.9311941082303172 1.8293912043110767 1.7058367298605357 1.55013234606851 1.34259554269457 1.0390260228193404 0.5034277458445672 0.30500000000000005 0.30500000000000005 0.30500000000000005 0.7420699714344282 1.1643060103169884 1.4252181646175535 1.6108354261352118 1.7533496826053163 1.8681623412168111 1.9637798866022247 2.045371432620767 2.1163007549812023 2.178872891349791 2.2347325547232924 2.28509211169297 2.330869478488183 2.3727753902715834 2.411370749475026 2.4471055309238188 2.4803459053107173 2.511393601683344 2.5405000190491127 6.0 6.0 6.0 6.0 6.0 6.0 6.0
6.0 6.0 6.0 6.0 6.0 6.0 6.0 6.0 6.0 6.0 6.0 2.529823379891231 2.500346777988658 2.4688820983455546 2.4351688122296977 2.398893571586563 2.3596751988323534 2.3170440101755982 2.270412721188313 2.219034499434036 2.161940761493711 2.0978458496951298 2.024995143513773 1.9409113800795141 1.8419456819376994 1.7224224747707477 1.5728465768604434 1.3756112491940435 1.0924861211221402 0.6135693098986554 0.30000000000000004 0.30000000000000004 0.30000000000000004 0.6398992390048204 1.1063726085545513 1.3847804820169152 1.5795865005877225 1.7276991607622196 1.8462521141302661 1.944531096055002 2.0281053151819215 2.100564150855896 2.164349098359814 2.2211920404168044 2.2723635195089305 2.3188216967723054 2.361305995621401 2.40039829564763 2.436564249417966 2.4701819693719855 2.5015624333416566 2.5309643096935837 6.0 6.0 6.0 6.0 6.0 6.0 6.0
6.0 6.0 6.0 6.0 6.0 6.0 8.40484190296309 8.417018706906303 8.40484190296309 6.0 6.0 2.5293702679644623 2.5001904977064453 2.469060217889312 2.4357262375839923 2.3998845497951127 2.3611660453891385 2.319116895938736 2.273171049141041 2.2226107369092083 2.166508193403682 2.1036368421205935 2.0323307290408255 1.9502516632011164 1.853981261137044 1.7382540370836317 1.5943770570163887 1.4065384764126216 1.1414464645403744 0.7089066993366134 0.29500000000000004 0.29500000000000004 0.29500000000000004 0.5238198864254092 1.0441005129304388 1.3423074351541509 1.547177175549821 1.701306608141107 1.8238300550658981 1.9249097625040572 2.010556932626549 2.0846069221853116 2.1496485234830476 2.2075069716151425 2.259514712970991 2.3066725060021076 2.3497500040463377 2.3893511071155094 2.4259578711844614 2.45996086738114 2.491680698350492 2.5213835804408435 6.0 6.0 6.0 6.0 6.0 6.0 6.0
6.0 6.0 6.0 6.0 8.40484190296309 8.648251960478511 8.83195073949747 8.85985510146039 8.83195073949747 8.648251960478511 8.40484190296309 2.52887274155683 2.4999843672810798 2.469182027340586 2.436219599526087 2.4008020554981875 2.3625718575253436 2.3210903366518347 2.2758116752800617 2.2260457009215027 2.1709032334005545 2.10921325761694 2.0393926832766507 1.9592322920638332 1.8655253871294946 1.7533783614750051 1.6148133031696261 1.4355783897946766 1.1865039024130342 0.792593780240546 0.29000000000000004 0.29000000000000004 0.29000000000000004 0.3896827099524174 0.9767897026973209 1.297573893778908 1.5135097973277265 1.6741216300250157 1.800867025943509 1.9048976302857028 1.9927141435501277 2.068420612439057 2.134765056110111 2.193672798481941 2.2465422189186643 2.2944191985703353 2.338105266439304 2.3782274513159583 2.4152849803483165 2.4496814283175365 2.4817474178409675 2.5117570052255855 2.539939740163499 6.0 6.0 6.0 6.0 6.0 6.0
6.0 6.0 6.0 6.0 8.648251960478511 9.1046375468126 9.596077408625579 9.69205706017414 9.596077408625579 9.1046375468126 8.648251960478511 2.5283315896326366 2.499729319297787 2.469248639266564 2.436650239086027 2.4016477239318124 2.363894655548054 2.322966866020177 2.2783378324733055 2.229343600190778 2.1751314921383336 2.1145827913185804 2.0461919323921376 1.9678694654755011 1.8766034431918461 1.7678382590222679 1.634235312123109 1.462905149749555 1.2281466574989492 0.8668929382532377 0.28500000000000003 0.28500000000000003 0.28500000000000003 0.28500000000000003 0.90356279963206 1.2503165827045395 1.4784742819234893 1.6460886945399675 1.777331411669865 1.8844751128406076 1.9745640317387898 2.051996285242512 2.119692273495781 2.1796847598554905 2.233442416291885 2.2820589604237584 2.326369555228989 2.367025536640756 2.4045441157931595 2.439342445941004 2.471761585137285 2.502083735749864 2.530544895105043 6.0 6.0 6.0 6.0 6.0 6.0
6.0 6.0 6.0 8.40484190296309 8.83195073949747 9.596077408625579 10.521827949333385 10.521827949333385 10.521827949333385 9.596077408625579 8.83195073949747 4.932589483897159 2.4994262611787867 2.469261134545114 2.437019456847068 2.4024231379243544 2.36513639069178 2.324748924925233 2.2807526260224043 2.232508463495792 2.1791983185336052 2.1197527433919863 2.052738779261376 1.9761783422796044 1.887238949323003 1.781672872149325 1.6527148469811588 1.4886704786933909 1.266778882487723 0.9334791017851225 0.30651127535167766 0.28 0.28 0.28 0.8233009879488067 1.2002251228840304 1.4419459520569686 1.6171464226666192 1.7531888362096961 1.8636211623929022 1.9560928399506585 2.0353244879947816 2.104423419492381 2.165537870176121 2.220211527753177 2.2695888655022696 2.3145405605764626 2.3557435097666204 2.3937337692447427 2.428942677388373 2.4617221647106797 2.4923629006910737 2.521107570272008 6.0 6.0 6.0 6.0 6.0 6.0
6.0 6.0 6.0 8.417018706906303 8.85985510146039 9.69205706017414 10.521827949333385 10.521827949333385 10.521827949333385 9.69205706017414 8.85985510146039 4.944140171562379 2.4990760760669595 2.4692205635390128 2.4373285145318704 2.403129830079169 2.366298948185227 2.326438865837536 2.283059040188962 2.2355441496385957 2.1831088155612 2.1247300452237456 2.0590429493134224 1.984173127264052 1.8974537377417406 1.794918076509071 1.6703165148445782 1.5130073087469698 1.3027386933514418 0.9936249940180236 0.44183572870580845 0.275 0.275 0.275 0.7345485529525618 1.1469303124079748 1.4037828879968437 1.5872267526203991 1.7284018372295002 1.8423131234522088 1.9372858965446293 2.018395212008495 2.088951381459631 2.1512269053973743 2.2068456107142227 2.257005869813772 2.302615886340851 2.3443794528346036 2.3828523832529074 2.418480841700085 2.4516280910842028 2.4825936048746966 2.511627006778425 6.0 6.0 6.0 6.0 6.0 6.0
6.0 6.0 6.0 8.40484190296309 8.83195073949747 9.596077408625579 10.521827949333385 10.521827949333385 10.521827949333385 9.596077408625579 8.83195073949747 8.40484190296309 2.4986796236714177 2.4691279472167738 2.437578636512397 2.403769284845804 2.367384150151244 2.3280389569727302 2.2852599443124184 2.238454356734649 2.1868678548863443 2.129521283492204 2.065113632279764 1.9918671484528363 1.9072681083673362 1.8076068297429386 1.6870986751306458 1.5360327225385624 1.3363116454665422 1.048319087043963 0.5563207829650989 0.27 0.27 0.27 0.6353657956188887 1.0899885694379479 1.3638226559935274 1.5562539511587699 1.7029294918987787 1.8205265676856848 1.9181275340158805 2.001197848767545 2.073268665161375 2.136746387785369 2.1933405477156502 2.244306805116044 2.290593045797168 2.3329313804681204 2.37189834906553 2.4079556182727124 2.441478267685559 2.4727749284099296 2.5021024258571942 6.0 6.0 6.0 6.0 6.0 6.0
6.0 6.0 6.0 6.0 8.648251960478511 9.1046375468126 9.596077408625579 9.69205706017414 9.596077408625579 9.1046375468126 8.648251960478511 6.0 2.498237741076917 2.4689842782229494 2.4377710112478317 2.404342940486483 2.3683937583506607 2.3295513862083994 2.287358098549608 2.2412426308823545 2.190480090434038 2.1341327223234785 2.0709595202681172 1.9992729267916496 1.9167009669469275 1.8197694752827585 1.7031142093275116 1.5578503445918193 1.3677409621893215 1.098343511622088 0.6550195040742851 0.265 0.265 0.265 0.5230931405499163 1.0288609371329787 1.321878231689642 1.5241434371586906 1.6767269848459665 1.798235107264373 1.8986009983505983 1.9837211418433727 2.0573673674363637 2.122090569500121 2.1796920361036665 2.2314883721741072 2.2784694570879434 2.321397236618492 2.3608700043874773 2.3973656452328815 2.431271565645045 2.4629059257861945 2.492533028170835 6.0 6.0 6.0 6.0 6.0 6.0
6.0 6.0 6.0 6.0 8.40484190296309 8.648251960478511 8.83195073949747 8.85985510146039 8.83195073949747 8.648251960478511 8.40484190296309 6.0 2.4977512435189313 2.468790521900595 2.4379067926545934 2.404852190944119 2.3693294767799307 2.3309782647779302 2.289356159263595 2.243912374260817 2.1939499709864574 2.138570323710902 2.076588842541594 2.0064022391033305 1.925769948090413 1.8314340079379166 1.7184111766694634 1.5785523014473422 1.3972354077854907 1.1443271420058754 0.7413786580764239 0.26 0.26 0.26 0.3939540269459709 0.962884219984325 1.2777328705531124 1.490800373348933 1.6497451072801204 1.775410183252019 1.878688347938936 1.9659531339460272 2.0412391464036617 2.1072534148406303 2.165895576941396 2.2185471335586344 2.2662424383886615 2.3097748912259624 2.349765631017088 2.3867095177278177 2.4210068225354195 2.452985624928398 2.4829179930924044 2.511031901056069 6.0 6.0 6.0 6.0 6.0
6.0 6.0 6.0 6.0 6.0 6.0 8.40484190296309 8.417018706906303 8.40484190296309 6.0 6.0 6.0 2.4972209251261246 2.468547617268425 2.437987101412222 2.405298387617678 2.3701929541317717 2.3323216307563714 2.2912566840870263 2.246466852700224 2.1972817518902423 2.1428397663577465 2.082009397337591 2.0132661750740257 1.934491525138688 1.8426263068640174 1.733033375333532 1.598220840148321 1.4249754241897787 1.1867827445643284 0.8178486671824007 0.255 0.255 0.255 0.255 0.8912304608142901 1.2311335840338842 1.456117969567413 1.6219296737883435 1.752020824952342 1.858370340579516 1.9478811085113872 2.0248751889328176 2.092228581022009 2.1519464630862912 2.2054795059476686 2.253909202765291 2.2980621366831757 2.338583452352104 2.3759857861273344 2.410682841050327 2.443013026208678 2.4732564779550317 2.501647559631828 6.0 6.0 6.0 6.0 6.0
6.0 6.0 6.0 6.0 6.0 6.0 6.0 6.0 6.0 6.0 6.0 6.0 2.4966475596318283 2.468256477955032 2.438013026208678 2.4056828410503273 2.3709857861273345 2.333583452352104 2.293062136683176 2.248909202765291 2.2004795059476687 2.1469464630862913 2.0872285810220093 2.0198751889328177 1.9428811085113873 1.853370340579516 1.747020824952342 1.6169296737883436 1.451117969567413 1.2261335840338843 0.8862304608142901 0.25 0.25 0.25 0.25 0.8128486671824007 1.1817827445643285 1.4199754241897788 1.5932208401483212 1.7280333753335322 1.8376263068640175 1.9294915251386882 2.008266175074026 2.077009397337591 2.1378397663577466 2.1922817518902424 2.241466852700224 2.2862566840870264 2.3273216307563716 2.3651929541317718 2.400298387617678 2.432987101412222 2.463547617268425 2.4922209251261247 6.0 6.0 6.0 6.0 6.0
6.0 6.0 6.0 6.0 6.0 6.0 6.0 6.0 6.0 6.0 6.0 6.0 2.496031901056069 2.4679179930924042 2.437985624928398 2.4060068225354194 2.3717095177278176 2.334765631017088 2.2947748912259627 2.2512424383886613 2.2035471335586347 2.150895576941396 2.0922534148406307 2.026239146403662 1.9509531339460273 1.8636883479389361 1.7604101832520191 1.6347451072801205 1.475800373348933 1.2627328705531125 0.947884219984325 0.3789540269459709 0.245 0.245 0.245 0.7263786580764239 1.1293271420058755 1.3822354077854908 1.5635523014473423 1.7034111766694635 1.8164340079379167 1.910769948090413 1.9914022391033308 2.061588842541594 2.123570323710902 2.1789499709864573 2.2289123742608172 2.2743561592635952 2.31597826477793 2.354329476779931 2.3898521909441195 2.4229067926545937 2.4537905219005953 2.4827512435189316 6.0 6.0 6.0 6.0 6.0
6.0 6.0 6.0 6.0 6.0 6.0 6.0 6.0 6.0 6.0 6.0 6.0 6.0 2.467533028170835 2.437905925786194 2.406271565645045 2.3723656452328816 2.335870004387477 2.2963972366184917 2.2534694570879434 2.206488372174107 2.1546920361036666 2.0970905695001205 2.032367367436364 1.9587211418433725 1.8736009983505981 1.7732351072643728 1.6517269848459664 1.4991434371586905 1.296878231689642 1.0038609371329785 0.49809314054991627 0.24 0.24 0.24 0.6300195040742851 1.073343511622088 1.3427409621893214 1.5328503445918191 1.6781142093275114 1.7947694752827583 1.8917009669469274 1.9742729267916495 2.0459595202681173 2.109132722323478 2.1654800904340377 2.2162426308823546 2.2623580985496075 2.3045513862083995 2.3433937583506603 2.3793429404864828 2.4127710112478313 2.443984278222949 2.4732377410769173 6.0 6.0 6.0 6.0 6.0
6.0 6.0 6.0 6.0 6.0 6.0 6.0 6.0 6.0 6.0 6.0 6.0 6.0 2.467102425857194 2.4377749284099295 2.406478267685559 2.3729556182727123 2.33689834906553 2.2979313804681203 2.255593045797168 2.209306805116044 2.15834054771565 2.101746387785369 2.038268665161375 1.9661978487675449 1.8831275340158804 1.7855265676856846 1.6679294918987786 1.5212539511587697 1.3288226559935272 1.0549885694379477 0.6003657956188887 0.235 0.235 0.235 0.5213207829650989 1.0133190870439628 1.301311645466542 1.5010327225385622 1.6520986751306457 1.7726068297429385 1.872268108367336 1.9568671484528362 2.0301136322797637 2.094521283492204 2.151867854886344 2.2034543567346487 2.2502599443124183 2.29303895697273 2.3323841501512437 2.3687692848458037 2.4025786365123967 2.4341279472167736 2.4636796236714176 6.0 6.0 6.0 6.0 6.0
6.0 6.0 6.0 6.0 6.0 6.0 6.0 6.0 6.0 6.0 6.0 6.0 6.0 2.4666270067784253 2.4375936048746967 2.406628091084203 2.373480841700085 2.3378523832529075 2.2993794528346037 2.257615886340851 2.212005869813772 2.1618456107142228 2.1062269053973743 2.0439513814596313 1.9733952120084952 1.8922858965446294 1.7973131234522088 1.6834018372295003 1.5422267526203992 1.3587828879968438 1.101930312407975 0.6895485529525618 0.22999999999999998 0.22999999999999998 0.22999999999999998 0.3968357287058084 0.9486249940180236 1.2577386933514418 1.4680073087469698 1.6253165148445783 1.7499180765090712 1.8524537377417407 1.939173127264052 2.0140429493134224 2.0797300452237457 2.1381088155612002 2.190544149638596 2.238059040188962 2.281438865837536 2.321298948185227 2.358129830079169 2.3923285145318705 2.424220563539013 2.4540760760669595 2.482121464656077 6.0 6.0 6.0 6.0
6.0 6.0 6.0 6.0 6.0 6.0 6.0 6.0 6.0 6.0 6.0 6.0 6.0 2.4661075702720083 2.437362900691074 2.40672216471068 2.373942677388373 2.338733769244743 2.3007435097666207 2.259540560576463 2.21458886550227 2.165211527753177 2.110537870176121 2.0494234194923813 1.980324487994782 1.9010928399506586 1.8086211623929023 1.6981888362096962 1.5621464226666193 1.3869459520569687 1.1452251228840304 0.7683009879488066 0.22499999999999998 0.22499999999999998 0.22499999999999998 0.2515112753516776 0.8784791017851225 1.2117788824877231 1.433670478693391 1.5977148469811588 1.726672872149325 1.8322389493230031 1.9211783422796045 1.9977387792613759 2.064752743391986 2.124198318533605 2.177508463495792 2.225752626022404 2.2697489249252327 2.31013639069178 2.347423137924354 2.382019456847068 2.414261134545114 2.444426261178787 2.472747580934068 6.0 6.0 6.0 6.0
