learning-packages/demo - Copie/includes/dem_water_level.asc
ncols         200
nrows         200
xllcorner     -100.0
yllcorner     -100.0
cellsize      1.0
[rows 26 to 51 of 200, columns 59 to 117 of 200]
6.0 6.0 6.0 6.0 6.0 6.0 6.0 6.0 6.0 6.0 6.0 3.0960466878055635 3.0659763761197767 3.0338434159593723 2.999373484749789 2.962235966379948 2.922027813561286 2.87825129166509 2.8302826376276706 2.7773268687275086 2.7183508335200943 2.6519808877988233 2.576340734523975 2.4887833109687936 2.385424875902583 2.2602870330916582 2.1036115253748053 1.8983588263785927 1.6133003873960767 1.2048350423159633 0.87 0.87 0.87 0.87 0.87 0.8939470795675505 1.3544119258921592 1.6389467925799561 1.84136964598233 1.996786993535709 2.1219946696582253 2.2262693271657925 2.315248086056776 2.392599274759289 2.4608366266286748 2.5217537652488047 2.576672823608643 2.62659482510877 2.672294854126907 2.714384596611913 2.753354767637127 2.7896046906051963 2.82346341279478 2.8552050946153513 2.885060432620847 2.913225277689402 2.939867232597676 2.965130769540493 2.989141247143019
6.0 6.0 6.0 6.0 6.0 6.0 6.0 6.0 6.0 6.0 6.0 3.0933351263264974 3.0635516491755723 3.031760797774326 2.9977030711343478 2.9610679089087437 2.921479906737627 2.8784802299194876 2.8315011628693316 2.7798306863999525 2.72256234332062 2.65852312782941 2.5861683918230067 2.503428002111246 2.4074855390938037 2.2944904045239136 2.159327754465262 1.9962054346944906 1.8037380182188227 1.5853012138892797 1.2765422341174817 0.865 0.865 0.865 0.865 0.865 0.865 1.2765422341174817 1.5853012138892797 1.8003940209458393 1.963512363537838 2.093857076334044 2.2017830248316637 2.293479643885349 2.372926176481701 2.4428241742689814 2.5050871192709376 2.561117071254963 2.6119703081654704 2.658461279863242 2.701230442891487 2.7407900057187966 2.7775556573470164 2.8118691160343845 2.8440144985108784 2.8742304280920203 2.9027191413572293 2.9296534402392647 2.955182070942241
6.0 6.0 6.0 6.0 6.0 6.0 6.0 6.0 6.0 6.0 6.0 3.0921035929115543 3.0627867228111896 3.0315508333947463 2.9981595557693494 2.962333375437842 2.9237392605600294 2.8819772981933944 2.836563433683638 2.786907242429981 2.7322836919546285 2.671798561535916 2.604349935491443 2.5285967508220715 2.442970305034158 2.3458352942307013 2.2361016816115225 2.1150781959996157 1.9867869935357088 1.8313696459823299 1.628946792579956 1.344411925892159 0.8839470795675505 0.86 0.86 0.86 0.86 0.86 1.1909937981493726 1.5280943271262077 1.7574004420926754 1.928952258472159 2.06483511464779 2.176654246944608 2.2712251189038852 2.3528735759980535 2.424507912574117 2.488172235456637 2.545355009603121 2.5971718484340918 2.6444792379305495 2.687948210264815 2.728113721518133 2.765408718938751 2.8001882405634673 2.832746839835348 2.863331428448339 2.892150904943078 2.919383484286782
6.0 6.0 6.0 6.0 6.0 6.0 6.0 6.0 6.0 6.0 6.0 3.0922863763301893 3.063599752735899 3.0331103906916144 3.000611296548382 2.9658619094307217 2.928581603677468 2.888442083833051 2.845058838453616 2.7979823398354906 2.746690860404077 2.6905893979174382 2.6290249392589202 2.561340734523975 2.4870187118963054 2.406012513608176 2.3194660940672627 2.2301497771247996 2.129305811013573 2.0088750580162853 1.8605155072504984 1.6694525700631053 1.4058465909213482 0.9947961407316668 0.855 0.855 0.855 0.855 0.855 1.0961393504569128 1.466816945417245 1.7121711808925055 1.8929953026443411 2.034864769986476 2.1508430590485905 2.248458037886554 2.33242308147446 2.405874578935142 2.470999255313628 2.5293791236443584 2.5821935943411063 2.6303440885175027 2.6745341615433484 2.715322863331031 2.7531613531608303 2.7884186793236663 2.821400341423295 2.852361921813006 2.8815192722156673
6.0 6.0 6.0 6.0 6.0 6.0 6.0 6.0 6.0 6.0 6.0 3.0937965381314956 3.0658831315142305 3.0363048658892446 3.0048879676048954 2.9714352459341886 2.935723347708148 2.897500509488118 2.8564857222925113 2.8123710809145814 2.7648306863999523 2.713542422543494 2.6582342973730473 2.598776447728645 2.5353550096031214 2.4687833109687936 2.400874578935142 2.32742308147446 2.2434580378865543 2.1458430590485906 2.0298647699864762 1.8879953026443412 1.7071711808925056 1.4618169454172452 1.091139350456913 0.85 0.85 0.85 0.85 0.85 0.9897961407316668 1.4008465909213483 1.6644525700631054 1.8555155072504985 2.0038750580162854 2.1243058110135733 2.2251497771247997 2.311554975357607 2.386910051531212 2.453557740385001 2.5131814934896615 2.56702940353241 2.616050977861185 2.6609843987912813 2.7024142564574363 2.7408109421608167 2.7765582498335846 2.809973165864495 2.8413203476357745
4.1148239515759375 4.1992733616185465 4.166431022055716 4.186128838387374 4.051396810935361 4.06314245707065 4.1645834194856945 4.092679709730946 4.1924503654641585 4.046572740338496 4.087799914257794 4.068931887418796 3.0695094418435787 3.040976376119777 3.010792002447013 2.9788035510476374 2.9448450248616163 2.9087392605600297 2.870302874247903 2.829356223592596 2.785741935877179 2.739357808517163 2.6902132775990344 2.6385231278294103 2.584856214027528 2.5303550096031215 2.4731722354566372 2.4095079125741172 2.337873575998054 2.2562251189038856 2.1616542469446083 2.0498351146477902 1.913952258472159 1.7424004420926755 1.5130943271262078 1.1759937981493727 0.845 0.845 0.845 0.845 0.845 0.8689470795675505 1.329411925892159 1.613946792579956 1.81636964598233 1.9717869935357089 2.0969946696582253 2.2012693271657926 2.290248086056776 2.367599274759289 2.435836626628675 2.4967537652488048 2.551672823608643 2.60159482510877 2.647294854126907 2.689384596611913 2.728354767637127 2.7646046906051964 2.79846341279478
4.029346152786559 4.1880135412223645 4.112308581766106 4.17094147175944 4.147934566770193 4.025076388810106 4.087707761529221 4.138889196952158 4.0916759855909985 4.092348630878259 4.153335431575663 4.055246993874431 3.0743378815910005 3.0469524182624363 3.0181103906916142 2.987701667355856 2.955613887431982 2.921737496425968 2.885974272218675 2.8482512916650897 2.8085432430995945 2.7669072424299808 2.723535673448538 2.6788333118598033 2.63352312782941 2.5869703081654705 2.536117071254963 2.4800871192709377 2.417824174268981 2.347926176481701 2.2684796438853487 2.1767830248316637 2.068857076334044 1.938512363537838 1.7753940209458394 1.5603012138892798 1.2515422341174818 0.84 0.84 0.84 0.84 0.84 0.84 1.2515422341174818 1.5603012138892798 1.7753940209458394 1.938512363537838 2.068857076334044 2.1767830248316637 2.2684796438853487 2.347926176481701 2.417824174268981 2.4800871192709377 2.536117071254963 2.5869703081654705 2.633461279863242 2.6762304428914865 2.7157900057187963 2.7525556573470165
4.0245083917728195 4.163972697949651 4.058473600306657 4.111689233599515 4.009651019398733 4.044680273234341 4.110358489174291 4.093079539631682 4.0302672222227205 4.1756715159542965 4.138368748782037 4.042109172887488 3.0802205678567987 3.054054141402222 3.0266255936926045 2.9978635716420996 2.967703071134348 2.9360921370527064 2.903001992470523 2.868442083833051 2.8324820009203147 2.7952826376276705 2.7571389666377093 2.718535673448538 2.679384596611913 2.637294854126907 2.59159482510877 2.5416728236086428 2.4867537652488045 2.4258366266286746 2.3575992747592887 2.2802480860567758 2.1912693271657924 2.086994669658225 1.9617869935357088 1.80636964598233 1.603946792579956 1.319411925892159 0.8589470795675505 0.835 0.835 0.835 0.835 0.835 1.1659937981493727 1.5030943271262078 1.7324004420926755 1.903952258472159 2.03983511464779 2.151654246944608 2.2462251189038853 2.3278735759980536 2.399507912574117 2.463172235456637 2.5203550096031213 2.572171848434092 2.6194792379305496 2.662948210264815 2.703113721518133
4.12400951528419 4.199417070697974 4.075921593829822 4.143119120417304 4.184461322400668 4.131630500675056 4.09615232566678 4.175455517190951 4.12432690701694 4.182362647461181 4.115330957178751 4.026199189245348 4.012735898788169 3.0621035929115545 3.03612472538794 3.009033935808072 2.9808059585448055 2.9514352459341886 2.92094620423656 2.8894073499247686 2.8569504536753496 2.823795622386791 2.7902826376276706 2.7565582498335846 2.7208109421608166 2.6824142564574363 2.6409843987912813 2.596050977861185 2.54702940353241 2.4931814934896614 2.433557740385001 2.366910051531212 2.2915549753576068 2.2051497771247996 2.1043058110135733 1.9838750580162854 1.8355155072504985 1.6444525700631054 1.3808465909213483 0.9697961407316668 0.83 0.83 0.83 0.83 0.83 1.0711393504569129 1.4418169454172451 1.6871711808925056 1.8679953026443412 2.0098647699864762 2.1258430590485906 2.2234580378865543 2.30742308147446 2.380874578935142 2.445999255313628 2.5043791236443584 2.5571935943411064 2.6053440885175028 2.6495341615433485
4.080340757493779 4.058606658998887 4.192585108040312 4.0225090400419345 4.06562042708259 4.194270683271376 4.120359143688395 4.0589086625822315 4.002895737572047 4.008099060940591 4.159860451213849 4.043235922198946 4.021834797949338 3.0709295579321356 3.046406569668857 3.0209763761197768 2.9946455051685463 2.9674438273212833 2.9394339364833213 2.910723347708148 2.8814799067376273 2.8519504536753497 2.8223619218130063 2.7914003414232953 2.7584186793236665 2.7231613531608305 2.6853228633310313 2.6445341615433486 2.600344088517503 2.5521935943411065 2.4993791236443585 2.440999255313628 2.375874578935142 2.30242308147446 2.2184580378865544 2.1208430590485907 2.0048647699864763 1.862995302644341 1.6821711808925055 1.436816945417245 1.0661393504569128 0.825 0.825 0.825 0.825 0.825 0.9647961407316668 1.3758465909213482 1.6394525700631053 1.8305155072504984 1.9788750580162853 2.0993058110135734 2.2001497771247998 2.286554975357607 2.361910051531212 2.428557740385001 2.4881814934896616 2.54202940353241 2.591050977861185
4.001543533681378 4.199340010380969 4.159313001718578 4.153255869666882 4.068608670093983 4.043095786556039 4.148818784767836 4.171053998501462 4.06301870274079 4.16071456990906 4.099807150739627 4.150318073524884 4.176961069648925 4.091791855018588 3.057286376330189 3.0334785246379607 3.008979077306256 2.983843415959372 2.9581595557693494 2.932057993958387 2.9057233477081477 2.879383484286782 2.8521509049430778 2.823331428448339 2.792746839835348 2.7601882405634672 2.725408718938751 2.6881137215181328 2.647948210264815 2.6044792379305495 2.5571718484340917 2.505355009603121 2.448172235456637 2.384507912574117 2.3128735759980534 2.231225118903885 2.136654246944608 2.02483511464779 1.8889522584721592 1.7174004420926756 1.488094327126208 1.1509937981493727 0.8200000000000001 0.8200000000000001 0.8200000000000001 0.8200000000000001 0.8200000000000001 0.8439470795675506 1.3044119258921592 1.588946792579956 1.79136964598233 1.946786993535709 2.071994669658225 2.1762693271657922 2.2652480860567756 2.3425992747592885 2.4108366266286745 2.4717537652488044 2.5266728236086426
4.082207597918597 4.01934453217403 4.163090562402189 4.044308992390599 4.063222238854253 4.141940341985885 4.19823300090685 4.086094774852095 4.10897972048701 4.126692347009625 4.013238582262909 4.034272493051823 4.11352596086084 4.189617112337485 4.066846977551355 3.046354398682335 3.023599752735899 3.0004072115595717 2.9768799906953056 2.9531595557693495 2.929433936483321 2.9051820709422413 2.8796534402392644 2.852719141357229 2.82423042809202 2.7940144985108786 2.7618691160343842 2.7275556573470165 2.6907900057187963 2.6512304428914866 2.608461279863242 2.5619703081654706 2.5111170712549633 2.455087119270938 2.392824174268981 2.322926176481701 2.243479643885349 2.151783024831664 2.043857076334044 1.913512363537838 1.7503940209458393 1.5353012138892796 1.2265422341174816 0.815 0.815 0.815 0.815 0.815 0.815 1.2265422341174816 1.5353012138892796 1.7503940209458393 1.913512363537838 2.043857076334044 2.151783024831664 2.243479643885349 2.322926176481701 2.392824174268981 2.455087119270938
4.052287938059607 4.0319504352138456 4.087886871706349 4.111391560132986 4.042534575338202 4.0033651611969905 4.080202470233287 4.120854821212559 4.117145291928642 4.055115087737849 4.1307775260433806 4.1027830005493655 4.158293898206029 4.111909571165083 4.121249916295278 3.0594446919197833 3.0383351263264977 3.0169524182624365 2.995407211559572 2.9738434159593723 2.9520080979605265 2.929141247143019 2.905130769540493 2.8798672325976757 2.853225277689402 2.825060432620847 2.7952050946153513 2.76346341279478 2.7296046906051963 2.693354767637127 2.654384596611913 2.612294854126907 2.56659482510877 2.516672823608643 2.4617537652488046 2.4008366266286747 2.3325992747592887 2.255248086056776 2.1662693271657925 2.061994669658225 1.936786993535709 1.78136964598233 1.578946792579956 1.2944119258921591 0.8339470795675505 0.81 0.81 0.81 0.81 0.81 1.1409937981493727 1.478094327126208 1.7074004420926756 1.8789522584721592 2.01483511464779 2.126654246944608 2.2212251189038854 2.3028735759980536 2.374507912574117
4.015062572635538 4.182913866567621 4.1595879468277674 4.058432994550255 4.0316229684266105 4.199483723621038 4.078326248105991 4.120534110517486 4.197409175937062 4.188212408372822 4.079310333720832 4.0569166108068115 4.0120720505503025 4.03322163641205 4.066149361016393 4.036311598677896 3.0530445589666093 3.033335126326498 3.013599752735899 2.993746379293479 2.9730731693544334 2.9514528969310474 2.92880285531656 2.905029396464585 2.880025949055412 2.8536705719752966 2.825822907211483 2.7963203476357745 2.764973165864495 2.7315582498335846 2.6958109421608167 2.6574142564574363 2.6159843987912814 2.571050977861185 2.52202940353241 2.4681814934896615 2.408557740385001 2.341910051531212 2.266554975357607 2.1801497771247997 2.0793058110135734 1.9588750580162853 1.8105155072504984 1.6194525700631053 1.3558465909213482 0.9447961407316667 0.8049999999999999 0.8049999999999999 0.8049999999999999 0.8049999999999999 0.8049999999999999 1.0461393504569128 1.416816945417245 1.6621711808925055 1.842995302644341 1.984864769986476 2.1008430590485907 2.1984580378865544 2.28242308147446
4.17242588293343 4.17659973711335 4.128896763855941 4.0568847223599285 4.025742263026476 4.015547707451486 4.126942489806158 4.026846705208254 4.152814394656335 4.106328942440149 4.116023482071851 4.182459595581885 4.1375581716260745 4.088408065218194 4.088285079375522 4.08920303610401 4.101216118755454 3.049444691919783 3.031243672787482 3.012406858086647 2.992773979822735 2.972281103002267 2.9508565399944864 2.928419567961116 2.904878872779246 2.8801306469333174 2.854056245518775 2.826519272215667 2.797361921813006 2.766400341423295 2.733418679323666 2.69816135316083 2.660322863331031 2.6195341615433483 2.5753440885175025 2.527193594341106 2.474379123644358 2.415999255313628 2.3508745789351417 2.27742308147446 2.193458037886554 2.0958430590485904 1.9798647699864762 1.8379953026443412 1.6571711808925056 1.4118169454172451 1.0411393504569129 0.8 0.8 0.8 0.8 0.8 0.9397961407316668 1.3508465909213483 1.6144525700631054 1.8055155072504985 1.9538750580162854 2.074305811013573 2.1751497771247994
4.062194520623511 4.052318008847838 4.126438623796758 4.197592436238102 4.018238477443377 4.047438022033127 4.028437248895004 4.162323982648848 4.047881516429809 4.192172269217104 4.067785547703195 4.102805687895175 4.155014613845767 4.1369819592212735 4.026356786862571 4.068030483837119 4.090574221030273 4.129439282305173 3.047877233034575 3.029920652999894 3.011235984005264 2.9917672051269 2.9714517980008757 2.9502197204443954 2.9279921714740698 2.9046800951091973 2.88018235428322 2.854383484286782 2.827150904943078 2.798331428448339 2.767746839835348 2.7351882405634673 2.700408718938751 2.663113721518133 2.622948210264815 2.5794792379305496 2.532171848434092 2.4803550096031213 2.423172235456637 2.359507912574117 2.2878735759980535 2.2062251189038853 2.111654246944608 1.99983511464779 1.863952258472159 1.6924004420926755 1.4630943271262078 1.1259937981493726 0.795 0.795 0.795 0.795 0.795 0.8189470795675505 1.279411925892159 1.563946792579956 1.76636964598233 1.9217869935357088 2.046994669658225
4.073038613673585 4.14275578820681 4.008038337285892 4.074870977305364 4.078501746889246 4.193815803913728 4.018334292325292 4.116464940831694 4.097218624305999 4.128519843976408 4.193826951812747 4.160215657407664 4.145366192803183 4.192733505753525 4.048289446458776 4.063780753730979 4.115655791800339 4.034980787747342 4.09395035964984 4.163381978488312 3.028568527641556 3.0100337662500087 2.990726589290058 2.970585854101157 2.949543114715847 2.9275214323751104 2.904433936483321 2.8801820709422414 2.8546534402392645 2.827719141357229 2.79923042809202 2.7690144985108787 2.7368691160343843 2.7025556573470166 2.6657900057187964 2.6262304428914867 2.583461279863242 2.5369703081654706 2.4861170712549634 2.430087119270938 2.367824174268981 2.297926176481701 2.218479643885349 2.126783024831664 2.018857076334044 1.888512363537838 1.7253940209458394 1.5103012138892797 1.2015422341174817 0.79 0.79 0.79 0.79 0.79 0.79 1.2015422341174817 1.5103012138892797 1.7253940209458394 1.888512363537838
4.047426277619639 4.164709811077902 4.15766896367059 4.058349009266122 4.196288772445329 4.139440759837247 4.057756339331165 4.1031992937307376 4.143127454606459 4.0504156192725125 4.091833288299623 4.076061528874183 4.0787222754012085 4.1382030548768345 4.090751178554243 4.1622368460720125 4.007204408801622 4.14688056217949 4.160628800774372 4.043912216563566 4.023959629851841 3.0271877163248315 3.008800672007622 2.989652654411067 2.9696838571061046 2.9488273829194256 2.9270080979605266 2.904141247143019 2.880130769540493 2.854867232597676 2.828225277689402 2.800060432620847 2.7702050946153514 2.73846341279478 2.7046046906051964 2.668354767637127 2.629384596611913 2.587294854126907 2.54159482510877 2.491672823608643 2.4367537652488047 2.375836626628675 2.307599274759289 2.230248086056776 2.1412693271657925 2.0369946696582253 1.9117869935357088 1.75636964598233 1.553946792579956 1.269411925892159 0.8089470795675505 0.785 0.785 0.785 0.785 0.785 1.1159937981493726 1.4530943271262078 1.6824004420926755
4.019404560297118 4.144895069887168 4.044389142483385 4.114169226803321 4.160295217706374 4.194260912685037 4.048618172296902 4.153673158828542 4.118758520324688 4.045786016202962 4.1057381449426 4.199139836474945 4.104639934224281 4.135378804759652 4.079731915199803 4.184670116562365 4.1736662757775616 4.1805250676150445 4.117371378894818 4.151123968793126 4.097512206005911 6.0 3.025778629920054 3.007537158404166 2.9885459109541124 2.9687463792934787 2.948073169354433 2.926452896931047 2.9038028553165596 2.8800293964645847 2.8550259490554115 2.8286705719752963 2.8008229072114825 2.771320347635774 2.7399731658644946 2.7065582498335843 2.6708109421608164 2.632414256457436 2.590984398791281 2.5460509778611846 2.4970294035324097 2.443181493489661 2.3835577403850006 2.3169100515312118 2.2415549753576065 2.1551497771247994 2.054305811013573 1.9338750580162853 1.7855155072504985 1.5944525700631054 1.3308465909213483 0.9197961407316668 0.78 0.78 0.78 0.78 0.78 1.0211393504569128 1.391816945417245
6.0 6.0 6.0 6.0 6.0 6.0 6.0 6.0 6.0 6.0 6.0 6.0 6.0 6.0 6.0 6.0 6.0 6.0 6.0 6.0 6.0 6.0 6.0 3.0243416707930253 3.006243672787482 2.987406858086647 2.967773979822735 2.947281103002267 2.9258565399944865 2.903419567961116 2.879878872779246 2.8551306469333175 2.829056245518775 2.801519272215667 2.772361921813006 2.741400341423295 2.708418679323666 2.6731613531608303 2.635322863331031 2.5945341615433484 2.5503440885175026 2.502193594341106 2.4493791236443583 2.390999255313628 2.325874578935142 2.25242308147446 2.168458037886554 2.0708430590485905 1.954864769986476 1.812995302644341 1.6321711808925055 1.386816945417245 1.0161393504569127 0.775 0.775 0.775 0.775 0.775 0.9147961407316668
6.0 6.0 6.0 6.0 6.0 6.0 6.0 6.0 6.0 6.0 6.0 6.0 6.0 6.0 6.0 6.0 6.0 6.0 6.0 6.0 6.0 6.0 6.0 6.0 3.022877233034575 3.004920652999894 2.986235984005264 2.9667672051269003 2.9464517980008758 2.9252197204443955 2.90299217147407 2.8796800951091974 2.85518235428322 2.829383484286782 2.802150904943078 2.7733314284483392 2.7427468398353483 2.7101882405634674 2.675408718938751 2.638113721518133 2.597948210264815 2.5544792379305497 2.507171848434092 2.4553550096031214 2.398172235456637 2.334507912574117 2.2628735759980536 2.1812251189038854 2.086654246944608 1.97483511464779 1.8389522584721592 1.6674004420926756 1.4380943271262079 1.1009937981493727 0.77 0.77 0.77 0.77 0.77
6.0 6.0 6.0 6.0 6.0 6.0 6.0 6.0 6.0 6.0 6.0 6.0 6.0 6.0 6.0 6.0 6.0 6.0 6.0 6.0 6.0 6.0 6.0 6.0 6.0 6.0 3.0035685276415562 2.985033766250009 2.965726589290058 2.9455858541011573 2.924543114715847 2.9025214323751105 2.8794339364833212 2.8551820709422415 2.8296534402392646 2.802719141357229 2.7742304280920203 2.7440144985108788 2.7118691160343844 2.6775556573470167 2.6407900057187965 2.6012304428914867 2.5584612798632422 2.5119703081654707 2.4611170712549635 2.405087119270938 2.3428241742689813 2.2729261764817013 2.193479643885349 2.101783024831664 1.9938570763340442 1.8635123635378381 1.7003940209458395 1.4853012138892798 1.1765422341174818 0.765 0.765 0.765 0.765
6.0 6.0 6.0 6.0 6.0 6.0 6.0 6.0 6.0 6.0 6.0 6.0 6.0 6.0 6.0 6.0 6.0 6.0 6.0 6.0 6.0 6.0 6.0 6.0 3.0116158508935706 2.996758854460933 2.9814065696688568 2.965527858846025 2.9490886530380314 2.932051578823126 2.9143755244628347 2.8960151332488726 2.8769202089929715 2.857035014866656 2.836297441962521 2.8146380176434613 2.791978715451094 2.768231517326238 2.743296664107925 2.7134634127947797 2.6796046906051965 2.6433547676371267 2.6043845966119132 2.5622948541269066 2.51659482510877 2.4666728236086426 2.411753765248805 2.3508366266286744 2.2825992747592885 2.205248086056776 2.116269327165792 2.0119946696582254 1.886786993535709 1.73136964598233 1.528946792579956 1.244411925892159 0.7839470795675505 0.76 0.76
6.0 6.0 6.0 6.0 6.0 6.0 6.0 6.0 6.0 6.0 6.0 6.0 6.0 6.0 6.0 6.0 6.0 6.0 6.0 6.0 6.0 6.0 6.0 2.9977594347762904 2.9826088490220797 2.9669446249626366 2.950733907894013 2.933940694601322 2.9165254250916175 2.898444506689413 2.87964975669385 2.8600877464147842 2.8396990250462366 2.8184171961714295 2.7961678122687412 2.772867042763988 2.7484200580461486 2.7227190541303847 2.695640818420546 2.667043703496128 2.6367638288280455 2.6046102634052892 2.5703588454633266 2.5337441530238882 2.4944489251018327 2.452089905473901 2.4061985657493596 2.356194333240825 2.30134656651053 2.240719140774606 2.1730872396825234 2.0968079445278645 2.009610343880661 1.9082373012645784 1.7605155072504983 1.5694525700631052 1.3058465909213481 0.8947961407316668 0.755
6.0 6.0 6.0 6.0 6.0 6.0 6.0 6.0 6.0 6.0 6.0 6.0 6.0 6.0 6.0 6.0 6.0 6.0 6.0 6.0 6.0 2.998682670096804 2.983728977502185 2.9682739873805977 2.9522860030936853 2.935730326434846 2.918568873165475 2.9007597256590953 2.882256609987454 2.8630082817207114 2.842957800779603 2.8220416705818705 2.800188810069478 2.777319318430177 2.7533429806508902 2.7281574463375926 2.7016459928804446 2.673674754645222 2.6440892588709994 2.6127100509504793 2.579327108429853 2.5436926212719566 2.5055115345813337 2.4644289743420553 2.420013248006517 2.3717324276725336 2.3189213999607734 2.260734359632853 2.1960743632652524 2.123485373411237 2.04098024120239 1.9457534083767625 1.8336724356953922 1.6983096022207818 1.5289113921111213 1.3055377607716911 0.9848919174072108 0.75 0.75
6.0 6.0 6.0 6.0 6.0 6.0 6.0 6.0 6.0 6.0 6.0 6.0 6.0 6.0 6.0 6.0 6.0 6.0 6.0 6.0 2.984768928215858 2.9695181042746492 2.953747305347783 2.937423076836995 2.920508738822003 2.9029639652340364 2.884744292864052 2.8658005457939457 2.8460781572834426 2.8255163665551604 2.804047261945295 2.7815946340408684 2.7580725920225744 2.733383882502559 2.7074178312885686 2.680047802675026 2.651128035028029 2.6204896610330253 2.587935649021519 2.5532342973730477 2.5161107597022863 2.476235846011158 2.4332109867450304 2.3865476810817245 2.3356388328424855 2.2797178405467053 2.217798641911804 2.148585094125725 2.070328934679484 1.9805972362559747 1.8758708940914426 1.750803696400948 1.596732474531934 1.3983138352572944 1.1245593308205342 0.745 0.745 0.745 0.745
