learning-packages/demo - Copie/includes/dem_altitude.asc
ncols         65
nrows         65
xllcorner     -100.0
yllcorner     -100.0
cellsize      3.076923076923077
[rows 0 to 18 of 65, columns 0 to 43 of 65]
3.8910572554413694 3.8910572554413694 3.8910572554413694 3.8910572554413694 3.8910572554413694 3.8910572554413694 3.8910572554413694 3.8910572554413694 3.8910572554413694 3.8910572554413694 5.538133924807207 5.546790750899042 5.546790750899042 5.546790750899042 5.546790750899042 5.765045453498047 5.575795211949022 5.575795211949022 5.575795211949022 5.575795211949022 5.6500259430388065 5.597328915169665 5.575795211949022 5.575795211949022 5.575795211949022 5.713085481587096 5.656827732878684 5.573127179922265 5.435426270219769 5.166581636991089 4.408928579710259 1.0 1.0 2.7500000000000187 4.91666666666667 5.35 5.535714285714286 5.638888888888889 5.704545454545455 5.674643376432779 5.674643376432779 5.843247035591707 5.663417362385836 5.996278869972724
3.8910572554413694 3.8910572554413694 3.8910572554413694 3.8910572554413694 3.8910572554413694 3.8910572554413694 3.8910572554413694 3.8910572554413694 3.8910572554413694 3.8910572554413694 5.983767027293784 5.546790750899042 5.546790750899042 5.659666013014698 5.786358257246174 5.575795211949022 5.575795211949022 5.575795211949022 5.862753903289776 5.575795211949022 5.575795211949022 5.575795211949022 5.575795211949022 5.911743591150958 5.723394703672293 5.677566514033154 5.612236967100765 5.511594151556272 5.336401102275119 4.955098583251435 3.4843602955886483 0.9846153846153847 0.9846153846153847 4.039972537594598 5.063468772868695 5.381105535539966 5.538193551782146 5.632103390660069 5.693926547540412 5.674643376432779 5.6822731374208075 5.663417362385836 5.663417362385836 5.663417362385836
3.8910572554413694 3.8910572554413694 3.8910572554413694 3.8910572554413694 3.8910572554413694 3.8910572554413694 3.8910572554413694 3.8910572554413694 3.8910572554413694 3.8910572554413694 5.47602812018557 5.847090619116809 5.785336896388617 5.575795211949022 5.575795211949022 5.575795211949022 5.870460574682667 5.774769984522209 5.933543937462694 5.575795211949022 5.575795211949022 5.751385318807422 5.575795211949022 5.575795211949022 5.691424648227799 5.6390083989819555 5.562212498924092 5.438873629134189 5.208283568222631 4.622939567447143 0.9692307692307692 0.9692307692307692 0.9692307692307692 4.622939567447146 5.208283568222634 5.438873629134189 5.562212498924092 5.6390083989819555 5.691564530472823 5.674643376432779 5.615239453761257 5.663417362385836 5.714941150554034 5.663417362385836
3.8910572554413694 3.8910572554413694 3.8910572554413694 3.8910572554413694 3.8910572554413694 3.8910572554413694 3.8910572554413694 3.8910572554413694 3.8910572554413694 3.8910572554413694 5.538095388769263 5.882091236032673 5.573602736027363 5.829080569826724 5.575795211949022 5.657026503177514 5.622336954077068 5.958148047602169 5.575795211949022 5.575795211949022 5.629614729766531 5.575795211949022 5.575795211949022 5.700197086843442 5.657205719554846 5.596666855413764 5.505082419918279 5.350336304770735 5.032699542099461 4.009203306825361 0.9538461538461538 0.9538461538461538 3.453591064819427 4.924329352482206 5.3056318715058906 5.480824920787042 5.581467736331534 5.646797283263924 5.692625472903062 5.7878372240435 5.615239453761257 5.615239453761257 5.729149989032178 5.729726322348516
3.8910572554413694 3.8910572554413694 3.8910572554413694 3.8910572554413694 3.8910572554413694 3.8910572554413694 3.8910572554413694 3.8910572554413694 3.8910572554413694 3.8910572554413694 5.732104354791212 5.973966749629659 5.573602736027363 5.829124492781819 5.575795211949022 5.6610737922745065 5.622336954077068 5.622336954077068 5.575795211949022 5.575795211949022 5.62881723851692 5.575795211949022 5.645313345791939 5.669203298104813 5.620247254403591 5.54953296905738 5.438410520656191 5.238390113534052 4.771675830249061 2.438104413824113 0.9384615384615385 0.9384615384615385 4.347390118171802 5.105043175452629 5.373887808681309 5.511588718383804 5.5952892713402225 5.651547020048635 5.742825142154202 5.794854788048818 5.615239453761257 5.792362462373061 5.619721498041632 5.66674976410202
3.8910572554413694 3.8910572554413694 3.8910572554413694 3.8910572554413694 3.8910572554413694 3.8910572554413694 3.8910572554413694 3.8910572554413694 3.8910572554413694 3.8910572554413694 5.0001258972500136 5.573602736027363 5.573602736027363 5.573602736027363 5.856449448319443 5.622336954077068 5.622336954077068 5.622336954077068 5.665957947967186 5.575795211949022 5.85532410791741 5.595199828665043 5.7282519758557715 5.636162404664019 5.579904655955606 5.496204102999188 5.358503193296693 5.089658560068011 4.332005502787179 0.9230769230769231 0.9230769230769231 2.4227197984394993 4.756291214864449 5.223005498149439 5.423025905271577 5.534148353672765 5.604862639018975 5.653818682720198 5.653818682720198 5.934082336967113 5.615239453761257 5.615239453761257 5.615239453761257 5.628277255486105
3.8910572554413694 3.8910572554413694 3.8910572554413694 3.8910572554413694 3.8910572554413694 3.8910572554413694 3.8910572554413694 3.8910572554413694 3.8910572554413694 3.8910572554413694 5.738251034644665 5.900253856515198 5.573602736027363 5.573602736027363 5.573602736027363 5.932585887436803 5.622336954077068 5.622336954077068 5.774533040427056 5.575795211949022 5.547110952082785 5.768245994745283 5.651804643459148 5.605039179525491 5.538069720568789 5.435199270972179 5.259478025352044 4.878175506328357 3.4074372186655615 0.9076923076923077 0.9076923076923077 3.963049460671517 4.986545695945617 5.30418245861689 5.4589285737644335 5.550180878865595 5.594318092300991 5.62875481926707 5.65637239237848 5.93061192490273 5.615239453761257 5.615239453761257 5.615239453761257 5.675506807936173
3.8910572554413694 3.8910572554413694 3.8910572554413694 3.8910572554413694 3.8910572554413694 3.8910572554413694 3.8910572554413694 3.8910572554413694 3.8910572554413694 3.8910572554413694 5.357830500671357 5.7019852046765545 5.8510145222859204 5.573602736027363 5.573602736027363 5.583664307147856 5.979931301407596 5.622336954077068 5.935029417898656 5.922337282634654 5.547110952082785 5.8351965946277495 5.632359676712891 5.5828715790059364 5.510120021483087 5.3926771049920355 5.171197437214895 4.598759345034704 0.8923076923076922 0.8923076923076922 0.8923076923076922 4.546016490524067 5.017021090697464 5.241453552648805 5.374280928089394 5.462082074567072 5.524433613370061 5.57099995247609 5.607101945715596 5.635910606987525 5.615239453761257 5.832063680920692 5.9361866582923755 5.552339821798453
3.8910572554413694 3.8910572554413694 3.8910572554413694 3.8910572554413694 3.8910572554413694 3.8910572554413694 3.8910572554413694 3.8910572554413694 3.8910572554413694 3.8910572554413694 5.180870205745046 5.361909134120858 5.796681929191438 5.573602736027363 5.731204202725919 5.991350046639859 5.518230642987344 5.999701237379284 5.710258099707771 5.991325422203251 5.547110952082785 5.990663491965241 5.616923076923078 5.567399267399267 5.494570135746606 5.376923076923077 5.154700854700854 4.576923076923075 0.8769230769230769 0.8769230769230769 0.8769230769230769 2.2507357273949893 4.383787109470335 4.936800430749129 5.190887632417763 5.336852620610383 5.431601823472258 5.498067682196261 5.547269681511432 5.585160876386334 5.615239453761257 5.59434570946797 5.59434570946797 5.956286878843033
3.8910572554413694 3.8910572554413694 3.8910572554413694 3.8910572554413694 3.8910572554413694 3.8910572554413694 3.8910572554413694 3.8910572554413694 3.8910572554413694 3.8910572554413694 5.704412110022044 5.971182134787151 5.355496047680379 5.950259486936487 5.77423035654509 5.993948537920202 5.518230642987344 5.518230642987344 5.518230642987344 5.490201641253791 5.254480139396451 5.49334507015011 5.604049607403136 5.556226056542798 5.4870401802932705 5.378730582278126 5.188423976536414 4.796536964863708 3.9089760425617937 0.8615384615384616 0.8615384615384616 0.8615384615384616 0.8615384615384616 4.169317698425355 4.846206003670598 5.136300991632843 5.297464873834092 5.400023707962159 5.471025977743128 5.523094308915839 5.5629112680479125 5.59434570946797 5.681420654107063 5.552339821798453
3.8910572554413694 3.8910572554413694 3.8910572554413694 3.8910572554413694 3.8910572554413694 3.8910572554413694 3.8910572554413694 3.8910572554413694 3.8910572554413694 3.8910572554413694 5.82093043762464 5.769269281450927 5.157581146770036 5.525967938898815 5.939328982974305 5.15097414050508 5.723121667693605 5.830485869149028 5.519588202985245 5.527909839313649 5.254480139396451 5.02936156312642 5.314541028555828 5.554662302088777 5.496332333787724 5.413061053129546 5.29132736644463 5.1209163762482275 4.83082138828598 4.153933083040738 0.8461538461538461 0.8461538461538461 0.8461538461538461 0.8461538461538461 3.893591427177188 4.742531609340949 5.076962590193342 5.255844277626017 5.367223441499193 5.443244140650725 5.498437250993618 5.540330816675573 5.573215013393667 5.552339821798453
3.8910572554413694 3.8910572554413694 3.8910572554413694 3.8910572554413694 3.8910572554413694 3.8910572554413694 3.8910572554413694 3.8910572554413694 3.8910572554413694 3.8910572554413694 3.8910572554413694 3.978140941079224 3.9159691042101663 3.8910572554413694 3.8910572554413694 3.8910572554413694 3.8910572554413694 3.8910572554413694 3.9413403330349084 3.713742752762286 3.5328426750648125 3.830868788656212 3.804806605273903 3.5592870526278135 3.514072631632068 3.45627094952404 3.385447977318412 3.290698774456536 3.1447337862639158 2.890646584595282 2.337633263316487 0.20458188124113486 0.8307692307692307 0.8307692307692307 0.8307692307692307 3.523195462887717 4.622040114259867 5.0119527324886946 5.211664073532727 5.333057241618316 5.414649370987319 5.473257801942517 5.517395015377914 5.552339821798453
3.8910572554413694 3.8910572554413694 3.8910572554413694 3.8910572554413694 3.8910572554413694 3.8910572554413694 3.8910572554413694 3.8910572554413694 3.8910572554413694 3.8910572554413694 3.8910572554413694 3.8910572554413694 3.8910572554413694 3.8910572554413694 3.8910572554413694 3.8910572554413694 3.8910572554413694 3.8910572554413694 3.6150532082192273 3.5328426750648125 3.5328426750648125 3.5328426750648125 3.5328426750648125 3.5328426750648125 3.5328426750648125 3.49407848439638 3.447510536446983 3.3851589976439946 3.297357851166317 3.1645304757257273 2.940098013774387 2.479420855032161 0.9950166768627628 0.8153846153846154 0.8153846153846154 0.8153846153846154 2.99501667686277 4.479420855032163 4.940098013774388 5.164530475725727 5.297357851166317 5.385158997643995 5.447982893070871 5.500088302837383
3.8910572554413694 3.8910572554413694 3.8910572554413694 3.8910572554413694 3.8910572554413694 3.8910572554413694 3.8910572554413694 3.8910572554413694 3.8910572554413694 3.8910572554413694 5.408216142495301 5.778739187088074 5.570016229942952 5.812242597855182 5.604969189387346 5.195601133561762 5.05256572482834 5.5346493051685375 5.109535785110535 5.578810724234414 5.79413265796876 5.8617301283936465 5.292739652557213 5.082584048266252 5.548742423364072 5.521062511574762 5.486625784608683 5.442488571173286 5.383880140218087 5.302288010849085 5.180894842763497 4.981183501719463 4.591270883490635 3.4924262321184796 0.8 0.8 0.8 2.1738126504719157 4.306864032547259 4.85987735382605 5.113964555494685 5.26020438095069 5.366666666666666 5.445922438043152
3.8910572554413694 3.8910572554413694 3.8910572554413694 3.8910572554413694 3.8910572554413694 3.8910572554413694 3.8910572554413694 3.8910572554413694 3.8910572554413694 3.8910572554413694 5.059318796678015 5.436677660468783 5.515332499061973 5.515332499061973 5.515332499061973 5.815893030728144 5.05256572482834 5.662322831010735 5.6550616482136435 5.5712208868114015 5.9421956166726435 5.971361697668461 5.6272886477208015 5.73636339362983 5.531847624453912 5.810045946420826 5.5116765518552056 5.478792355137112 5.436898789455157 5.3817056791122635 5.3056849799607315 5.194305816087556 5.01542412865488 4.680993147802487 3.832052965638722 0.7846153846153846 0.7846153846153846 0.7846153846153846 0.7846153846153846 4.092394621502276 4.76928292674752 5.095616762611251 5.2846153846153845 5.396857893538654
3.8910572554413694 3.8910572554413694 3.8910572554413694 3.8910572554413694 3.8910572554413694 3.8910572554413694 3.8910572554413694 3.8910572554413694 3.8910572554413694 3.8910572554413694 5.545490688313651 5.0618471018771105 5.633126269970736 5.614146610778575 5.787896689023643 5.364719483514849 5.335652661390813 5.818790194176541 5.5712208868114015 5.5712208868114015 5.607186473225593 5.458762796532234 5.458762796532234 5.768982590737885 5.4699532031129685 5.4699532031129685 5.4699532031129685 5.500279552746699 5.4706035757402205 5.430786616608148 5.378718285435436 5.307716015654467 5.205157181526399 5.043993299325151 4.753898311362904 4.077010006117661 0.7692307692307692 0.7692307692307692 0.7692307692307692 0.7692307692307692 4.192749206494606 4.963004994400915 5.229435150181459 5.363771909222096
3.8910572554413694 3.8910572554413694 3.8910572554413694 3.8910572554413694 3.8910572554413694 3.8910572554413694 3.8910572554413694 3.8910572554413694 3.8910572554413694 3.8910572554413694 5.0618471018771105 5.0618471018771105 5.0618471018771105 5.377655470605421 5.5504967172268085 5.992210587160422 5.959440821043969 5.5712208868114015 5.5712208868114015 5.648087892452633 5.5852977045712455 5.807207656925853 5.458762796532234 5.458762796532234 5.71784325468333 5.494011927751375 5.4699532031129685 5.4409845346708074 5.405432077946336 5.3607636066771285 5.302957349740507 5.225217900756775 5.1150870146964875 4.9469925043939424 4.65883048673244 4.05048844944704 1.921291318948131 0.7538461538461538 0.7538461538461538 0.7538461538461538 4.128846153846156 4.941346153846155 5.212179487179487 5.347596153846154
3.8910572554413694 3.8910572554413694 3.8910572554413694 3.8910572554413694 3.8910572554413694 3.8910572554413694 3.8910572554413694 3.8910572554413694 3.8910572554413694 3.8910572554413694 5.812587816490291 5.1596206306127765 5.392936031527891 5.861145675028599 5.884291812015488 5.5712208868114015 5.5712208868114015 5.5712208868114015 5.5712208868114015 5.5712208868114015 5.5712208868114015 5.738560454592223 5.458762796532234 5.487146467320686 5.46470762168311 5.437869002391108 5.405195900644322 5.3645537496910025 5.312622112361761 5.243938333958571 5.148837717708001 5.008451093719063 4.780322829737038 4.344805234862264 3.1834249818628724 0.7384615384615385 0.7384615384615385 0.7384615384615385 0.7384615384615385 3.1834249818628817 4.4384615384615405 4.977694081686691 5.21296768421615 5.339169712519471
3.8910572554413694 3.8910572554413694 3.8910572554413694 3.8910572554413694 3.8910572554413694 3.8910572554413694 3.8910572554413694 3.8910572554413694 3.8910572554413694 3.8910572554413694 5.875223148008713 5.737802880646022 5.392936031527891 5.490398005999809 5.490398005999809 5.892188143923137 5.673160337567268 5.5712208868114015 5.812241871051298 5.5712208868114015 5.900591331378561 5.577820159198783 5.458762796532234 5.433827501575188 5.40369735350209 5.366560194249202 5.319650098350818 5.258524821877166 5.175569089520066 5.056545647442489 4.871398070877368 4.543829281569846 3.806799505627919 0.7230769230769231 0.7230769230769231 0.7230769230769231 0.7230769230769231 1.8905220881789466 4.019719218677818 4.62806125596321 4.9162232736247145 5.111608358627586 5.255196685090271 5.35088800577291
