learning-packages/demo - Copie/includes/dem_altitude.asc
ncols         65
nrows         65
xllcorner     -100.0
yllcorner     -100.0
cellsize      3.076923076923077
[rows 38 to 56 of 65, columns 0 to 43 of 65]
3.8910572554413694 3.8910572554413694 3.8910572554413694 3.8910572554413694 3.8910572554413694 3.8910572554413694 3.8910572554413694 3.8910572554413694 3.8910572554413694 3.8910572554413694 5.253421350678856 5.379019622191086 5.603239720380621 5.389457035815857 5.966330275580325 5.90158010262756 5.907172372104478 5.894115272258766 5.794297018357767 5.157402360810364 5.972688955899912 5.149095204842159 5.097687982729716 5.021684003625673 4.897878779802105 4.660490781828478 4.020750244916496 0.41538461538461535 0.41538461538461535 2.9219474075779903 4.42401801469041 4.796712225477705 4.965748397583419 5.062236856339041 5.124630453343559 5.8381524179304884 5.708705795260974 5.4669448029102155 5.982622699799668 5.4669448029102155 5.4669448029102155 5.6350307041578125 5.7940256235551715 5.8735512558513125
3.8910572554413694 3.8910572554413694 3.8910572554413694 3.8910572554413694 3.8910572554413694 3.8910572554413694 3.8910572554413694 3.8910572554413694 3.8910572554413694 3.8910572554413694 5.398149722758019 5.89628099920339 5.784711779710172 5.389457035815857 5.389457035815857 5.389457035815857 5.448686577221958 5.623946401323614 5.655763636115784 5.461556039873569 5.491272628915734 5.140430826947574 5.091822367574461 5.020813696508668 4.907284863128029 4.696722838823769 4.171889136453446 0.5597983613164953 0.4 2.1086628856952583 4.302887628565079 4.741732577139048 4.929808983670749 5.03429587618836 5.100787535063204 5.146820221976557 5.373231667632645 5.4669448029102155 5.4669448029102155 5.4669448029102155 5.4669448029102155 5.94464989674184 5.513835320345801 5.513835320345801
3.8910572554413694 3.8910572554413694 3.8910572554413694 3.8910572554413694 3.8910572554413694 3.8910572554413694 3.8910572554413694 3.8910572554413694 3.8910572554413694 3.8910572554413694 5.564604037453851 5.843740808889761 5.886029567007657 5.459075785862416 5.389457035815857 5.9707871871188605 5.925960314374782 5.902241121133704 5.459383027531205 5.459383027531205 5.131435606591941 5.131435606591941 5.085402919678588 5.018911260803744 4.914424368286133 4.726347961754433 4.287503013180464 2.09327827031061 0.3846153846153846 0.5444137459319545 4.156504521068831 4.681338223439154 4.891900247743415 5.005429081124053 5.076437752189845 5.1250462115629585 5.601687642511004 5.7069470662794135 5.820888044147904 5.716897998138691 5.785453811789428 5.513835320345801 5.513835320345801 5.920357835446894
3.8910572554413694 3.8910572554413694 3.8910572554413694 3.8910572554413694 3.8910572554413694 3.8910572554413694 3.8910572554413694 3.8910572554413694 3.8910572554413694 3.8910572554413694 5.407637374948212 5.3244332695178 5.900831768141073 5.758554549235248 5.745626418965253 5.495005636726372 5.511127486801577 5.459383027531205 5.459383027531205 5.813932481254204 5.792381878077879 5.111211740887613 5.078476607189712 5.016083010185193 4.919594551429572 4.750558379323859 4.377864168536563 2.875793561424124 0.36923076923076925 0.36923076923076925 3.974596398762649 4.614336935674631 4.85172493364826 4.975530157471827 5.051534136575869 5.102941358688312 5.102941358688312 5.5378229727071036 5.800232530968835 5.513835320345801 5.513835320345801 5.513835320345801 5.513835320345801 5.523680664004559
3.8910572554413694 3.8910572554413694 3.8910572554413694 3.8910572554413694 3.8910572554413694 3.8910572554413694 3.8910572554413694 3.8910572554413694 3.8910572554413694 3.8910572554413694 5.009574049298838 5.203915294619627 5.342370562519916 5.917999386046123 5.614215507917269 5.461551138219185 5.7313469235149 5.667719699683843 5.671402019069072 5.5550078145199855 5.5550078145199855 5.9584817590437265 5.0710852333732355 5.0124211419888125 4.923042866633488 4.77027574350843 4.4496326609052845 3.3469332792700732 0.3538461538461538 0.3538461538461538 3.740445607618328 4.539158749315272 4.808922790550663 4.944475865997303 5.026023732102652 5.0804792838872865 5.46747899137334 5.8643657426230575 5.782473960392686 5.68917158417774 5.565353623017001 5.985455699242092 5.513835320345801 5.513835320345801
3.8910572554413694 3.8910572554413694 3.8910572554413694 3.8910572554413694 3.8910572554413694 3.8910572554413694 3.8910572554413694 3.8910572554413694 3.8910572554413694 3.8910572554413694 5.899284572557013 5.811748933887792 5.342370562519916 5.984338563878976 5.580638440430931 5.461551138219185 5.461551138219185 5.704680996649214 5.461551138219185 5.828943992112912 5.382816414065027 5.382816414065027 5.063266127566491 5.008006004896803 4.92497697636295 4.786223767605034 4.507315802525992 3.6592079087142078 0.3384615384615385 0.3384615384615385 3.4248934487494664 4.453693496981764 4.763052952044622 4.912122534017916 4.999846609006316 5.057630726660791 5.884882499927893 5.722141580084935 5.722141580084935 5.984287827022915 5.797777134694816 5.821995470103689 5.545313324933077 5.7896394257455155
3.8910572554413694 3.8910572554413694 3.8910572554413694 3.8910572554413694 3.8910572554413694 3.8910572554413694 3.8910572554413694 3.8910572554413694 3.8910572554413694 3.8910572554413694 5.388154726030324 5.785437704514774 5.342370562519916 5.342370562519916 5.43151721160997 5.461551138219185 5.461551138219185 5.461551138219185 5.461551138219185 5.461551138219185 5.792227930696031 5.839774595084222 5.055052728100965 5.002907943086187 4.9255724406729655 4.7989786564678845 4.554072924407586 3.879508013294129 0.32307692307692304 0.32307692307692304 2.9721218414306607 4.355036595340228 4.713570050057522 4.878301637360063 4.972934676874289 5.034363141120365 5.819857132633604 5.0560610298402615 5.969632991893894 5.721350594911535 5.561152942959115 5.79904220232363 5.912404392112821 5.807517312212168
3.8910572554413694 3.8910572554413694 3.8910572554413694 3.8910572554413694 3.8910572554413694 3.8910572554413694 3.8910572554413694 3.8910572554413694 3.8910572554413694 3.8910572554413694 5.300464097804947 5.986608837683442 5.836616932586146 5.609129802833794 5.43151721160997 5.988827597647336 5.485125620106343 5.461551138219185 5.949216937140578 5.918483539755713 5.157766530258518 5.046475076398279 5.046475076398279 4.997188806342802 4.924978689749893 4.80900486613098 4.592184239365185 4.041793417575089 0.3076923076923077 0.3076923076923077 2.260157942595301 4.239076361489462 4.659791300939402 4.842814184202934 4.945210246645527 5.010640221563719 5.0560610298402615 5.0560610298402615 5.561152942959115 5.561152942959115 5.561152942959115 5.733225051127311 5.615367892826411 5.615367892826411
3.8910572554413694 3.8910572554413694 3.8910572554413694 3.8910572554413694 3.8910572554413694 3.8910572554413694 3.8910572554413694 3.8910572554413694 3.8910572554413694 3.8910572554413694 5.8762372031134165 5.711172693554105 5.439739656060569 5.439739656060569 5.666226981121337 5.85417525710568 5.77061549911984 5.659380977472888 5.728973107590514 5.488618942866539 5.878819605334187 5.053514921580032 5.0375602376401405 4.990903194660736 4.923323710883391 4.8166809416856164 4.623336734115667 4.165137447682772 1.7147673506720573 0.29230769230769227 0.9616009629593149 4.099794245095822 4.60085031535291 4.80542350380107 4.91658427743272 4.9864213433946105 5.034365912189764 5.98430891219997 5.561152942959115 5.561152942959115 5.754779819918662 5.7184356238933995 5.615367892826411 5.915946425980974
3.8910572554413694 3.8910572554413694 3.8910572554413694 3.8910572554413694 3.8910572554413694 3.8910572554413694 3.8910572554413694 3.8910572554413694 3.8910572554413694 3.8910572554413694 5.110397139963659 5.439739656060569 5.439739656060569 5.439739656060569 5.439739656060569 5.521502433050157 5.521502433050157 5.9472376394356745 5.654203261692293 5.260684173294978 5.209544357514952 5.075393553277979 5.9738979584819765 4.984099490241158 4.920717761522128 4.822318503124077 4.648805307017588 4.261078288557408 2.622618952483738 0.27692307692307694 0.27692307692307694 3.9280144235194854 4.535630934061644 4.7658458852608465 4.886954224517299 4.961660901223387 5.012346138474141 5.8656904896982365 5.561152942959115 5.87731857035642 5.615367892826411 5.615367892826411 5.615367892826411 5.615367892826411
3.8910572554413694 3.8910572554413694 3.8910572554413694 3.8910572554413694 3.8910572554413694 3.8910572554413694 3.8910572554413694 3.8910572554413694 3.8910572554413694 3.8910572554413694 5.154568996095153 5.979265933941105 5.469113965483704 5.439739656060569 5.904600156110066 5.790561340940269 5.8515945977999415 5.755772302001306 5.40342380758688 5.828404279169291 5.209544357514952 5.395745998692465 5.7789583220887 4.9768207180864925 4.917256336611185 4.826176409381747 4.669571354649116 4.337005564261842 3.151706978009761 0.2615384615384615 0.2615384615384615 3.7090209547909323 4.462670229911093 4.723738279462521 4.856201378496004 4.93630752138977 4.989975993361501 5.460437003716478 5.867368408194087 5.794587383212065 5.615367892826411 5.615367892826411 5.615367892826411 5.615367892826411
3.8910572554413694 3.8910572554413694 3.8910572554413694 3.8910572554413694 3.8910572554413694 3.8910572554413694 3.8910572554413694 3.8910572554413694 3.8910572554413694 3.8910572554413694 5.117729202642329 5.117729202642329 5.7210387295987415 5.531232034515174 5.438877032050988 5.933884103405768 5.39519025520716 5.39519025520716 5.40342380758688 5.9903036465829445 5.348282201987286 5.817874184393321 5.683159128816861 4.969105267508664 4.913022559280894 4.828471471242074 4.68640263623807 4.397871084735092 3.495442615140669 0.24615384615384617 0.24615384615384617 3.417633227095644 4.380012500284172 4.678681929894404 4.824187549448108 4.9103031202043805 4.967226972060223 5.766464648303077 5.615367892826411 5.615367892826411 5.615367892826411 5.615367892826411 5.914892732652307 5.7017741269554385
3.8910572554413694 3.8910572554413694 3.8910572554413694 3.8910572554413694 3.8910572554413694 3.8910572554413694 3.8910572554413694 3.8910572554413694 3.8910572554413694 3.8910572554413694 5.436685009683624 5.6086893306086685 5.88254625625995 5.402726845897379 5.402726845897379 5.402726845897379 5.688179312474938 5.39519025520716 5.346268656371353 5.687436557560283 5.969868965999837 5.794699777641029 5.599483538067862 4.960987500088512 4.908089121523665 4.829386655854016 4.699908405881366 4.447117536887144 3.7347069060852442 0.23076923076923073 0.23076923076923073 3.006892802184933 4.284982703670162 4.630160268304858 4.790750899979824 4.8835817714543825 4.944067391544078 5.697202848284138 5.755548068144817 5.615367892826411 5.615367892826411 5.615367892826411 5.615367892826411 5.615367892826411
3.8910572554413694 3.8910572554413694 3.8910572554413694 3.8910572554413694 3.8910572554413694 3.8910572554413694 3.8910572554413694 3.8910572554413694 3.8910572554413694 3.8910572554413694 5.257581122109962 5.257581122109962 5.7398956617447014 5.764676172417574 5.453905824183897 5.402726845897379 5.346268656371353 5.346268656371353 5.346268656371353 5.346268656371353 5.346268656371353 5.346268656371353 5.346268656371353 4.9524982644018065 4.902519870678839 4.8290774423441505 4.710578309509652 4.487212687441083 3.909298458914468 0.2153846153846154 0.2153846153846154 2.37802503408741 4.1738222374400715 4.577528585480592 4.755700660872778 4.856068336530384 4.920461934891358 4.965283010954162 5.701107101276773 5.965490873899947 5.615367892826411 5.615367892826411 5.615367892826411 5.615367892826411
3.8910572554413694 3.8910572554413694 3.8910572554413694 3.8910572554413694 3.8910572554413694 3.8910572554413694 3.8910572554413694 3.8910572554413694 3.8910572554413694 3.8910572554413694 5.100724199446908 5.508169631282549 5.611339641538146 5.603075443432354 5.603075443432354 5.402726845897379 5.858708556726985 5.6262254774718 5.346268656371353 5.346268656371353 5.346268656371353 5.648213633256409 5.234424351620624 4.943665333776888 4.896371114916535 4.827676797024348 4.718810363405736 4.519971670598189 4.041078480878602 1.2817415305895719 0.19999999999999996 1.281741530589566 4.041078480878606 4.51997167059819 4.718810363405737 4.827676797024348 4.896371114916535 4.943665333776888 5.45326211855403 5.372296471678724 5.912468993108918 5.9724282438323035 5.994526541426026 5.492089445588409
3.8910572554413694 3.8910572554413694 3.8910572554413694 3.8910572554413694 3.8910572554413694 3.8910572554413694 3.8910572554413694 3.8910572554413694 3.8910572554413694 3.8910572554413694 5.031383672393397 5.599943726468862 5.959530836443007 5.911278901739557 5.88912045931915 5.85787283502055 5.763051380878504 5.593617345426191 5.740662466651353 5.76061146632978 5.4239703420835506 5.209916113191068 5.039714205608761 4.934513780184932 4.889692704122126 4.825299105761153 4.724931430103546 4.5467593547113605 4.143053006670838 2.3472558033181814 0.18461538461538463 0.18461538461538463 3.8785292281452426 4.456443456671854 4.679809078740422 4.79830821157492 4.871750639909609 4.921729033632577 5.981069180058245 5.372296471678724 5.372296471678724 5.544004498698229 5.45221019611882 5.599985488525717
3.8910572554413694 3.8910572554413694 3.8910572554413694 3.8910572554413694 3.8910572554413694 3.8910572554413694 3.8910572554413694 3.8910572554413694 3.8910572554413694 3.8910572554413694 5.885825338100763 5.624651934340446 5.568049265753307 5.729324505936184 5.663706288911762 5.593617345426191 5.593617345426191 5.593617345426191 5.7184502224757034 5.49400169304727 5.928025885144755 5.329235916356306 5.2484508740238 5.834541373006399 4.882528930005616 4.822043309915921 4.729212438441363 4.568621806766396 4.2234442421316984 2.945354340646473 0.16923076923076918 0.16923076923076918 3.6731684445467896 4.3855790753486845 4.638369944342905 4.767848194315555 4.846550659985205 4.899449038550052 5.859575306959217 5.372296471678724 5.6217292842918924 5.866348044487068 5.45221019611882 5.45221019611882
3.8910572554413694 3.8910572554413694 3.8910572554413694 3.8910572554413694 3.8910572554413694 3.8910572554413694 3.8910572554413694 3.8910572554413694 3.8910572554413694 3.8910572554413694 5.1593184355487915 5.869455188407328 5.568049265753307 5.494047720643124 5.852028007658403 5.593617345426191 5.593617345426191 5.593617345426191 5.928616239293903 5.49400169304727 5.49400169304727 5.466485638583862 5.4256584901853095 5.721790727899688 4.87491927975253 4.8179954278966886 4.731879857140416 4.586374237586711 4.287704807976478 3.3253255347879525 0.15384615384615385 0.15384615384615385 3.4031349228329852 4.305563392427402 4.594094943930378 4.736163778934382 4.820714866973202 4.876797575200972 5.372296471678724 5.372296471678724 5.974759027429369 5.372296471678724 5.372296471678724 5.585519492104391
3.8910572554413694 3.8910572554413694 3.8910572554413694 3.8910572554413694 3.8910572554413694 3.8910572554413694 3.8910572554413694 3.8910572554413694 3.8910572554413694 3.8910572554413694 5.898869337058848 5.699322354822911 5.391645773996536 5.391645773996536 5.405601464807994 5.593617345426191 5.941455742449187 5.593617345426191 5.788035671681303 5.49400169304727 5.900483610573621 5.903677699115748 5.321738627865303 5.939062758029912 4.866899070284578 4.813230598312847 4.73312445541908 4.600661356385597 4.339593306834168 3.585944031714011 0.1384615384615384 0.1384615384615384 3.0286300549328513 4.213928641184921 4.546494431572194 4.703099486304824 4.794179413534263 4.853743795009569 5.55464476342411 5.372296471678724 5.372296471678724 5.372296471678724 5.372296471678724 5.372296471678724
