learning-packages/demo - Copie/includes/dem_river.asc
ncols         65
nrows         65
xllcorner     -100.0
yllcorner     -100.0
cellsize      3.076923076923077
[rows 0 to 23 of 65, columns 0 to 53 of 65]
2.898441217480963 2.9051886562396296 2.8954527910822727 2.88101606733206 2.8792364207880965 2.8738380091758886 2.8898611486272694 2.904168198620301 2.8955637899975315 3.6571390956595615 6.0 6.0 6.0 6.0 6.0 6.0 6.0 6.0 6.0 6.0 6.0 6.0 6.0 6.0 5.827187359601806 3.7506700803350084 3.0938337799526625 2.9741657084460993 2.8165516029225004 2.5900904151734037 2.200744995134796 1.3903339494555735 1.0872570047240506 1.8707581664038688 2.4575842751319468 2.742461706478889 2.9293109629573553 3.066440149391967 3.7388850185162164 6.0 6.0 6.0 6.0 6.0 6.0 6.0 6.0 6.0 6.0 6.0 6.0 6.0 6.0 6.0
2.8880383327489945 2.9127387599244843 2.880052261729436 2.9003045977537387 2.889835400556283 2.8773705786914894 2.8952234537188914 2.903709039271705 2.8946237883891475 3.660185439177491 6.0 6.0 6.0 6.0 6.0 6.0 6.0 6.0 6.0 6.0 6.0 6.0 6.0 6.0 5.128841489311441 3.1532001895387447 3.0344168164159266 2.9018310814434165 2.7220621665552054 2.4494651293140204 1.9037307194133974 1.1065939332572559 1.3207715432051497 2.1473378073209695 2.5560236883134064 2.7893429555705023 2.9514625640350496 3.075091837183637 3.878567942237158 6.0 6.0 6.0 6.0 6.0 6.0 6.0 6.0 6.0 6.0 6.0 6.0 6.0 6.0 6.0
2.889699890008895 2.900241151316131 2.8759124363598163 2.8810431688543785 2.8946125243348986 2.9049236947870085 2.932166484019954 2.921824298399059 2.89092051333681 3.6684978858420156 6.0 6.0 6.0 6.0 6.0 6.0 6.0 6.0 6.0 6.0 6.0 6.0 6.0 6.0 4.239006875443738 3.1003905601674466 2.9705443971883048 2.822189608154145 2.613620743242563 2.272693151718932 1.5216170533465543 0.999652244171083 1.6473862072494176 2.331849985316675 2.646597935447491 2.844654379050678 2.987380882260589 3.0979595378281335 4.444157830748688 6.0 6.0 6.0 6.0 6.0 6.0 6.0 6.0 6.0 6.0 6.0 6.0 6.0 6.0 6.0
2.9112437828391258 2.9003773854208483 2.8887116302685643 2.8814839752840395 2.8871011886252527 2.911552074661473 2.911029538720868 2.8726684707173633 2.9070089318860015 3.6819591986988964 6.0 6.0 6.0 6.0 6.0 6.0 6.0 6.0 6.0 6.0 6.0 6.0 6.0 5.647758803283346 3.5044259039462626 3.044299175135429 2.9013144639621844 2.733302425809167 2.485803394169685 2.03190424211205 1.194848911950992 1.1547692502867095 1.9839104021667022 2.464550142259366 2.719909067063536 2.8916766159983367 3.01967957772747 3.1208986286456692 5.011510166038802 6.0 6.0 6.0 6.0 6.0 6.0 6.0 6.0 6.0 6.0 6.0 6.0 6.0 6.0 6.0
2.8952008492345467 2.895421961664098 2.880735332606106 2.8806160127448504 2.8795051427624463 2.9080295131954332 2.906688693973935 2.880974191328408 2.8940133495255087 3.6665415421388095 6.0 6.0 6.0 6.171112912264791 6.17111291226479 6.0 6.0 6.0 6.0 6.0 6.0 6.0 6.0 4.756887707548502 3.1058986286456696 2.9843576937487586 2.8255292408477395 2.632363168862512 2.3292875651407225 1.6785366638945713 0.9789739814150302 1.434498351945798 2.210667784058398 2.566351740694143 2.780579896913549 2.931906213613665 3.0477742970460797 3.4925509039462623 5.717707042626676 6.0 6.0 6.0 6.0 6.0 6.0 6.0 6.0 6.0 6.0 6.0 6.0 6.0 6.0 6.0
2.909758409610441 2.907699059878587 2.894369491549609 2.9140809579764673 2.895326409759879 2.913116939686392 2.904818930283655 2.896833985987052 2.8945031412989874 3.689821244471158 6.0 6.0 6.4437996039792695 6.986425069585033 6.986425069585033 6.554749504974088 6.057227526554133 6.0 6.0 6.0 6.0 6.0 6.0 4.02332228843586 3.052959537828133 2.9198406326023747 2.7415516029225 2.5150904151734035 2.1257449951347964 1.3153339494555731 1.0122570047240507 1.783878227797661 2.365495271523228 2.6475729299911186 2.831609268094089 2.9666022458845878 3.072306067135177 4.212131875443738 6.0 6.0 6.0 6.0 6.0 6.0 6.0 6.0 6.0 6.0 6.0 6.0 6.0 6.0 6.0 6.0
2.933579846929271 3.073866357970108 3.1217586004026576 3.0106101337979654 2.907430802510363 2.907726396154003 2.8970205261838298 2.906117938423977 2.9061067615889016 3.6709668900732852 6.0 6.113800916806913 6.983341251882173 7.569709205096546 7.5697092050965455 7.115375648045806 6.353849127112002 6.0 6.0 6.0 6.0 6.0 5.4633241567108275 3.276959927796448 3.0000918371836374 2.850984872611628 2.6471406225471683 2.374465129314021 1.8287307194133973 1.0315939332572557 1.2457715432051497 2.0723378073209693 2.481023688313406 2.7132798199349777 2.867189406749457 2.9780296090669607 3.0624294585682748 3.657404229316763 5.570088350912625 6.0 6.0 6.0 6.0 6.0 6.0 6.0 6.0 6.0 6.0 6.0 6.0 6.0 6.0 6.0
3.2181776618204334 3.4320870213136425 3.459841045624012 3.391936869542885 3.114128173130228 2.881560410702756 2.889591360417244 2.8999221376037774 2.889159918121009 3.6911357411670296 6.0 6.228340438818924 7.135133045248878 7.925255542989415 7.925255542989414 7.190575867742171 6.476195600338775 6.0 6.0 6.0 6.0 6.0 5.278860290181365 3.068606273145271 2.9614401493919673 2.795215395479778 2.5575222955706574 2.2140143785154307 1.4545216300181716 0.9159400996795694 1.5240973343669233 2.1891931658356296 2.485557970490881 2.6663760302132404 2.7926615166303206 2.8911038081349276 2.973210206419152 3.0433731856014434 3.8223566149187596 5.461153911038442 6.0 6.0 6.0 6.0 6.0 6.0 6.0 6.0 6.0 6.0 6.0 6.0 6.0 6.0
3.399374355133199 3.5959059093262296 3.765211071987079 3.5380291048171055 3.348313488406177 2.971181304882993 2.894891255445376 2.904905403248261 2.9014011634109154 3.688451777921708 6.0 6.0565733902527805 6.844321129981212 7.338800596884567 7.338800596884567 6.998828022223734 6.234444960702718 6.0 6.0 6.0 6.0 6.0 5.2746837678655325 3.0515380451143583 2.943315382972837 2.7743732646959014 2.5295171777933763 2.167695319929879 1.4084599941529472 0.9132925990358995 1.170098567911677 1.783378933928261 2.214095070668929 2.458440345182258 2.627384777765531 2.7554493659785795 2.8579011242134413 2.942857226320489 3.025815435748431 3.6314788291915963 5.456299375638524 6.0 6.0 6.0 6.0 6.0 6.0 6.0 6.0 6.0 6.0 6.0 6.0 6.0
3.4266242282325217 3.763301762046699 3.9691939361827435 3.6123790329718033 3.391944719638315 2.9845257150467273 2.8845430776680376 2.9054009904909575 2.9075115645576997 3.670237406347718 6.0 6.0 6.2401548905218585 6.685278762425526 6.6852787624255265 6.300193613152324 6.0 6.0 6.0 6.0 6.0 6.0 5.273220102106234 3.0475894792964704 2.9448740356803618 2.789696086010934 2.579825160911625 2.32328610545822 1.9499627269261828 1.350394190004021 0.9195470272878642 1.0642165590428183 1.6507529193197086 2.1344944494919655 2.402348935951828 2.582562568351653 2.7172331045057043 2.8240083645016725 2.92472414529273 3.009004212556752 3.42937045870565 4.908457767243339 6.0 6.0 6.0 6.0 6.0 6.0 6.0 6.0 6.0 6.0 6.0 6.0
3.3601513815257804 3.5239259181650398 3.603976834538023 3.487828482686686 3.2557417085689475 2.9214491182590323 2.904533285835087 2.905063704706649 2.9234595730082016 3.3385555072753488 4.573677914984754 4.569468994191732 4.595204631888267 4.595193556744913 4.569094344715956 4.547096017919671 4.581223471078097 4.576462807409791 4.590988787785157 4.585197710119183 4.571740891505887 4.570911925556061 4.39178594671104 3.236796210701727 2.9665109203174267 2.8372471461088553 2.6819999896946882 2.526060754913746 2.3273768379355704 2.0202146079579233 1.4696432998430673 0.9480530020098216 0.9683408941984895 1.5091243686601123 2.0466905199644945 2.342982344849616 2.5359814194579826 2.6779251166355658 2.8050118643445825 2.907629585180157 2.980649850083246 3.2243441761582052 4.71666194283644 5.817992327064661 6.0 6.0 6.0 6.0 6.0 6.0 6.0 6.0 6.0 6.0
3.0938560324660926 3.316855207315 3.3777543305599345 3.2569158040938726 3.0333273524617104 2.9094618513623414 2.903896659590083 2.899640345256496 2.9080935599727193 3.189161334495233 4.112987619670052 4.123291261612524 4.089773955086975 4.11476374882892 4.094294103556037 4.065635537031034 4.08925897202394 4.097490466727317 4.112695637549182 4.112690872759092 4.103680328145862 4.1005232671558085 4.0951616268492845 3.5624335690277498 3.0011714944818126 2.8994017498834848 2.788345836255222 2.679256390808846 2.5422403807317235 2.3579479342171408 2.0812371286236324 1.5751629292565053 1.00807756274838 0.9050142172332807 1.3650537018078541 1.9482758456496199 2.2798052111678375 2.4874366756050628 2.657508886025253 2.7875489403395544 2.8766010710124137 2.951908912720097 3.016986178737695 4.158667780239947 5.8168402932449865 6.0 6.0 6.290973223217295 6.400922458939913 6.391453894901239 6.094423617856337 6.0 6.0 6.0
2.8785925463499034 2.9524435903250037 2.9828146444148453 2.9457593436685072 2.91610070724136 2.905391522376861 2.887034677361617 2.9021139232995443 2.8666009078081114 3.1900073399578575 4.113584135178549 4.102946186691164 4.070345722805061 4.094883747495231 4.082018969798935 4.1001682796889085 4.104651586522442 4.114496765025157 4.106839211778494 4.099689967640872 4.087910636108122 4.110035370533663 4.112116874478636 4.051996343756355 3.3986883729354544 2.9725976233710805 2.889925472330981 2.8066253125942673 2.7064460395943724 2.5816743758354206 2.417885552094381 2.1826217056076214 1.7768385801708078 1.2043153520032166 0.8850555721032768 1.1429490151337625 1.7036172892765926 2.14211744722825 2.42151415329044 2.609141422746587 2.728138953559499 2.8246170556679533 2.908253359153165 2.9863281182515444 4.51410693746993 6.0 6.728963727704574 7.712772709046007 7.993078116513696 7.879873418377196 7.162064075807317 6.12265029803989 6.0 6.0
2.8897576481594953 2.8964327121945583 2.887223753779577 2.8855299957680036 2.9153842623113504 2.907976663831434 2.8868588833736917 2.9010118927454647 2.9011172275881014 3.1988609952737015 4.117361690625477 4.102648882090126 4.113390526806865 4.115705561935813 4.092272821786515 4.104752043720483 4.099848267032449 4.099957397780143 4.106360152266601 4.112082230728984 4.0952345866761695 4.09234934850071 4.119343150284443 4.115513299984754 4.019520592220919 3.450093750428094 2.9696300751868785 2.902760267640367 2.8250289049931583 2.732657405994953 2.619563052478967 2.4750291202154004 2.2773768379355706 1.9702146079579237 1.4196432998430673 0.8980530020098219 0.9183408941984895 1.4591243686601119 2.0494169612703077 2.365078754615081 2.5377997920568207 2.6735961943672226 2.7940464522952007 2.90003750943581 3.175200616128763 5.256912386903733 7.300436875894401 8.350679669836477 9.380383213658975 8.756111346650208 7.829192617065633 6.318127408069567 6.0 6.0
2.8785505338297894 2.901003957523272 2.8911086717454295 2.8994497715197114 2.9081846314520896 2.892186350282011 2.9099477934013565 2.884257813870877 2.885824723643086 3.4540332034425747 5.061922113505207 5.041692931609728 5.056961658884207 5.040521759772878 5.054204993667282 5.059881513670161 5.058568891406284 5.046406596447703 5.051362875663525 5.0514113201375554 5.066553875306088 5.059927163227549 5.051928775562374 5.056414283022821 5.064104148172634 5.09745507735015 4.129415573483941 2.9669366019079946 2.9019089127200965 2.826601071012413 2.737548940339554 2.629256390808845 2.4922403807317233 2.307947934217141 2.031237128623632 1.525162929256505 0.95807756274838 0.8550142172332807 1.4210920272843601 2.0314298490199696 2.3195599953884662 2.535909246356354 2.70499144503751 2.8372745837131195 2.9435379012012697 4.502280990965406 7.300436875894401 8.350679669836476 9.380383213658975 8.75611134665021 7.829192617065633 6.318127408069566 6.0 6.0
2.8769554836337363 2.889259387501268 2.888792311980614 2.900298425734726 2.9076261576502715 2.887995311950389 2.8969567113567085 2.8986034171819246 2.906136459531496 3.678600641342499 6.0 6.0 6.0 6.0 6.0 6.0 6.0 6.0 6.0 6.0 6.0 6.0 6.0 6.0 6.0 6.0 5.250928835482908 3.359933786212977 2.934495263603096 2.8731948915979637 2.8028261898323965 2.720307572788328 2.618458407050621 2.4895269820713604 2.3192043643467284 2.0717841512426087 1.6335317249086572 1.0249661775702354 0.8539322086444407 1.454000134989159 2.096508983317349 2.4326825256410265 2.6440070854703173 2.7947548556765733 2.910469948899099 4.4877619704620555 6.911204659630719 7.849992663090213 8.090425186702207 7.958387878070257 7.358156476902809 6.153312872549863 6.0 6.0
2.8819872798770185 2.8907763671127347 2.8938566024603585 2.8878854894624144 2.9148333875068353 2.8783876887248674 2.9000876348546307 2.9124667209299138 2.9117197845732106 3.6696631445041157 6.0 6.717500331100256 8.05204811678025 7.75133582032087 6.2750840596720545 6.0 6.0 6.0 6.0 6.0 6.0 6.0 6.0 6.0 6.0 4.940176045560031 3.332380177264928 2.9093178313802834 2.8527433895095413 2.7886012436808687 2.71478405909764 2.628195731991348 2.524026225021138 2.394209457019394 2.223608266979801 1.977906060186893 1.5627653628644456 1.0262194506298234 0.787117978490337 1.2902682832569896 2.042695319929879 2.4045171777933767 2.6226726454842764 2.776100108014461 2.8931165449839393 4.479355786494555 6.096240288787419 6.699522219867205 6.836109065970523 6.812932977789227 6.2911445783277005 6.0 6.0 6.0
2.8916130770950152 2.9299328458587537 2.9043562411328327 2.892527755988614 2.8995065484378895 2.885418312668663 2.899545178749778 2.898646225053963 2.9080185084149215 3.666612078649604 6.0 7.2670463637701435 9.754982425236147 9.172293395169879 6.583734791237239 6.0 6.0 6.0 6.0 6.0 6.0 6.0 6.0 5.620775727974937 4.285669181782926 3.0733648849828437 2.8611866082880955 2.800284066858844 2.7306417774984872 2.649620725929925 2.5532193195959816 2.434949879141012 2.2832424655253436 2.074120126891195 1.7409118309225036 1.234661534597038 0.8389115963451664 0.8220859171166409 1.290613678646514 1.8575794852477165 2.1988727241119648 2.4548251609116254 2.64047009992404 2.780389489820495 2.890663029672205 4.476708930621039 6.0 6.0 6.0 6.0 6.0 6.0 6.0 6.0
2.888905553281762 2.9050820903702315 2.907424252070508 2.9215177825098304 2.902139213848824 2.9121517333503473 2.9113327099978874 2.8954144604388996 2.904440885203352 3.6685472787690303 6.0 7.037797348636313 9.030335813032545 8.56814684028505 6.422170977515512 6.0 6.0 6.0 6.0 6.0 6.0 6.0 5.043789404255898 3.5008536240087857 2.8863750498278318 2.8204216925360197 2.7446934378010233 2.668610950045079 2.578965331717631 2.47045963208161 2.334042030800632 2.1522169426732063 1.883037906279382 1.4291681084110177 0.948860393650622 0.755903203014234 1.0045621799083357 1.4985808373483278 1.9717851222905007 2.244453173967119 2.407661906030215 2.5570517822563827 2.692554594915643 2.807470226992019 2.9040286759309497 4.85814236625659 6.0 6.0 6.0 6.0 6.0 6.0 6.0 6.0
3.3140813270362526 3.383194054321779 3.249137417861492 2.963562103451106 2.9198443057464156 2.886692901565311 2.879730371418323 2.8889063843962886 2.8882583149913517 3.669478964857544 6.0 6.133354789660301 6.573671664718033 6.422170977515511 6.0 6.0 6.0 6.0 6.0 6.0 5.8090277932449865 4.2703698735437134 3.0840706745885242 2.838794355062305 2.7788628485168787 2.69766897880511 2.601732531712953 2.5015870900879387 2.3777958432807402 2.217167436355377 1.9911978295237218 1.6148718432293787 1.101379805410239 0.7634094916143207 0.8421063047732393 1.2728341652955502 1.7682625660070674 2.0768689994444967 2.3014007719779226 2.4634320571060915 2.570614633813458 2.665282985745075 2.759327764815008 2.848365145974322 3.6871939708368884 5.80970128549105 6.0 6.0 6.0 6.0970383588397326 6.697675277819695 7.139220621384747 7.0136140457091605 6.493002537110964
3.999478675148428 4.05568760369516 3.9506031076692922 3.4952864445169722 2.9744040792861663 2.9018793338949482 2.8815450995630716 2.873263237210912 2.8889786031075055 3.680272405656404 6.0 6.0 6.0 6.0 6.0 6.0 6.140409179035052 6.140409179035051 6.0 6.0 4.6493672809556905 2.874021313781704 2.799842829995253 2.725459611900895 2.6494506841166756 2.5449088205699715 2.4158003670890116 2.272120635007157 2.0775657725721697 1.7798903878043884 1.2921761484308738 0.8460730668553021 0.7369018548861814 1.056475016280239 1.5698690087695952 1.9574156861127279 2.1896061774526685 2.3534330942027624 2.4965882916038664 2.6104464898833 2.690603745723621 2.7601728703331934 2.826995495567194 3.0854263008402096 5.231035249473142 6.0 6.0 6.0 6.095424970991992 7.012384287842725 7.769075560300071 7.93373148674211 7.89011715230932 7.605128280412361
4.375548750554666 4.532674963615718 4.243933523718032 3.9587301527316177 3.298820071563101 2.894568419004719 2.8858742464333185 2.8902161180286114 2.904757212215145 3.670882916112747 6.0 6.0 6.0 6.0 6.2165532477151935 7.1692840789951795 7.794384174003918 7.803906481482338 7.4404728729314655 6.002025435977812 3.2669650618951858 2.7987755678342943 2.701473252443301 2.5951831086223804 2.4867970782969104 2.3416287725423635 2.148608266979801 1.9029060601868928 1.4894702675500882 0.9854819452779532 0.7132530095679724 0.8777613666639309 1.3478953214327583 1.8146790475448338 2.0927193059674556 2.278605789013744 2.4173658941450684 2.5273926166306344 2.631221469467678 2.7181508791328803 2.7817312337987876 2.8378625645507545 3.4649006722432056 5.034736158039446 6.0 6.0 6.0 6.0 6.488608806373841 7.720523292808628 8.133967071878992 8.742931448470241 8.536332248979848 7.9710248685843235
4.900684760766532 5.42424804930482 4.52816875712726 4.02939448451412 3.4168304140066654 2.8960416208230035 2.8670249698906476 2.892807864076495 2.8873970169593637 3.6621985165831723 6.0 6.0 6.0 6.1411921022436005 7.507426023588026 8.769561234542513 9.150388817783574 9.187380008300146 8.945736481698562 6.992730510568188 3.2335591565437296 2.731425455935468 2.607624140025584 2.4556019840241134 2.276899707311324 2.035915589853225 1.6659118309225038 1.159661534597038 0.7639115963451666 0.7470859171166409 1.124433584348034 1.6348630886203954 1.9820157520770714 2.1964746552451473 2.3510493647660393 2.47110735970551 2.568727461504056 2.650629714903161 2.7313801563810443 2.801198386101555 3.0468729890271864 4.24578839806066 5.612900603953082 6.0 6.0 6.0 6.0 6.0 6.78840501407384 7.800470136093189 8.411306057396768 10.017943520399376 9.3944488278469 8.142606406744058
4.59128083445517 4.9011062271608745 4.391325976592388 4.02038557665337 3.315902754382902 2.8800423924016085 2.8794000943333584 2.8775541989751954 2.8798555648158257 3.688388334346171 6.0 6.0 6.0 6.533299689884089 8.571014735358352 9.427657521815398 11.008134804777287 11.413653181173409 9.995296082517944 7.332052783867358 4.049887743094738 2.6811177950586846 2.534889557144262 2.334614012908242 2.0355484919740237 1.4605203624243916 0.8738603936506221 0.680903203014234 0.9295621799083358 1.4235808373483279 1.8520855708445612 2.105145105248734 2.2793373125453305 2.411286517089945 2.516865017926752 2.6044506841166752 2.679008957426211 2.7437221285604623 2.8093744747996716 3.6417015796835774 5.025667975882219 6.0 6.0 6.0 6.0 6.0 6.0 6.0 6.590549218240339 7.759959632574436 8.259000983705581 9.242549968484223 8.881010574310428 8.051804531921402
