learning-packages/demo - Copie/includes/dem_water_level.asc
ncols         200
nrows         200
xllcorner     -100.0
yllcorner     -100.0
cellsize      1.0
[rows 0 to 25 of 200, columns 59 to 117 of 200]
6.0 6.0 6.0 6.0 6.0 6.0 6.0 6.0 6.0 6.0 6.0 6.0 6.0 6.0 6.0 6.0 6.0 6.0 6.0 3.228962779938564 3.201246891236877 3.1717798351150743 3.1403474468562274 3.1066952125307337 3.070517664561867 3.0314440952731063 2.9890189544926735 2.9426743900101577 2.891690860404077 2.835139076139903 2.7717916489775765 2.6999834873474042 2.6173809933551135 2.520578712926926 2.404343485063495 2.2600634267935806 2.0721463020721846 1.8080013543440172 1.3805336623211302 1.0 1.0 1.0 1.0 1.6472471835193794 1.9862921911988467 2.2107085837240046 2.3761016816115226 2.505864406142104 2.6119454329975955 2.701230223067764 2.7780299251137293 2.845213277599034 2.9047803965807724 2.9581782905339713 3.006485722292511 3.0505271882180507 3.09094620423656 3.1282541125074124 3.1628635716420996
6.0 6.0 6.0 6.0 6.0 6.0 6.0 6.0 6.0 6.0 6.0 6.0 6.0 6.0 6.0 6.0 6.0 6.0 3.239828539979701 3.213074282405325 3.1846814015801774 3.154455968743471 3.122168766023772 3.0875463478334537 3.050259118349118 3.009905155551194 2.9659878385940104 2.917884221825442 2.864799195502647 2.805697091652561 2.7391961095033754 2.6633986240061454 2.5756047507241764 2.471798636558349 2.345653217687595 2.186394895156769 1.973520977606177 1.6605772507362273 1.1019511222080984 0.995 0.995 0.995 1.2505027841191865 1.735353543202792 2.0233588263785927 2.2286115253748053 2.3852870330916582 2.510424875902583 2.6137833109687936 2.701340734523975 2.7769808877988233 2.8433508335200943 2.9023268687275086 2.9552826376276706 3.00325129166509 3.047027813561286 3.087235966379948 3.124373484749789 3.1588434159593723
6.0 6.0 6.0 6.0 6.0 6.0 6.0 6.0 6.0 6.0 6.0 6.0 6.0 6.0 6.0 6.0 6.0 6.0 3.224312312553836 3.196923921993169 3.167823095838583 3.136802710354471 3.1036170736465216 3.067971914738166 3.0295109425733044 2.9877974743400735 2.942288811941821 2.892299671598189 2.8369485881597285 2.7750769079209627 2.705121816340677 2.624908460289345 2.531291026098482 2.419490404523914 2.2817623775928517 2.1043911114853144 1.8596752761580644 1.4780809185212973 0.99 0.99 0.99 0.99 1.4780809185212973 1.8596752761580644 2.1043911114853144 2.2817623775928517 2.419490404523914 2.532485539093804 2.6284280021112463 2.711168391823007 2.7835231278294104 2.84756234332062 2.9048306863999525 2.956501162869332 3.0034802299194876 3.0464799067376274 3.086067908908744 3.122703071134348 3.1567607977743264
6.0 6.0 6.0 6.0 6.0 6.0 6.0 6.0 6.0 6.0 6.0 6.0 6.0 6.0 6.0 6.0 6.0 3.2349977536288943 3.2085505566161703 3.180499916521766 3.1506580891464506 3.118803551047637 3.0846725454504074 3.047947841807551 3.0082435396108407 2.9650841355213093 2.9178750684501975 2.8658602524442864 2.8080591029950375 2.743170032679155 2.669416680606231 2.584291089747232 2.4840991717715104 2.363095029998001 2.2116658340648874 2.011986691265842 1.725353543202792 1.2405027841191865 0.985 0.985 0.985 1.0919511222080984 1.6505772507362273 1.963520977606177 2.176394895156769 2.335653217687595 2.4617986365583486 2.565604750724176 2.653398624006145 2.729349935491443 2.796798561535916 2.8572836919546285 2.911907242429981 2.961563433683638 3.0069772981933944 3.0487392605600294 3.087333375437842 3.1231595557693494 3.1565508333947463
6.0 6.0 6.0 6.0 6.0 6.0 6.0 6.0 6.0 6.0 6.0 6.0 6.0 6.0 6.0 6.0 6.0 3.2196004730305687 3.1925325537711218 3.1637896965992613 3.1331715178406854 3.1004407503086493 3.0653137866624967 3.027448024806924 2.9864246357741715 2.9417246314641017 2.892694873656632 2.8384985375516503 2.7780407299091014 2.7098528055848896 2.631904741406673 2.5412849035541405 2.43361767999546 2.3019146536790784 2.1340484840804725 1.9062764628202156 1.5621618202648864 0.98 0.98 0.98 0.98 1.3605336623211302 1.7880013543440172 2.0521463020721846 2.2400634267935806 2.384343485063495 2.500578712926926 2.5973809933551135 2.679983487347404 2.7517916489775764 2.815139076139903 2.871690860404077 2.9229823398354906 2.970058838453616 3.013442083833051 3.053581603677468 3.0908619094307217 3.125611296548382 3.1581103906916144
6.0 6.0 6.0 6.0 6.0 6.0 6.0 6.0 6.0 6.0 6.0 6.0 6.0 6.0 6.0 6.0 6.0 3.203962779938564 3.176246891236877 3.1467798351150744 3.1153474468562274 3.0816952125307338 3.045517664561867 3.0064440952731064 2.9640189544926736 2.917674390010158 2.866690860404077 2.810139076139903 2.7467916489775765 2.6749834873474043 2.5923809933551136 2.495578712926926 2.379343485063495 2.2350634267935807 2.0471463020721847 1.7830013543440173 1.3555336623211303 0.975 0.975 0.975 0.975 1.5571618202648865 1.9012764628202157 2.1290484840804726 2.2969146536790785 2.42861767999546 2.5362849035541406 2.626904741406673 2.7048528055848897 2.7730407299091016 2.8334985375516504 2.887694873656632 2.936724631464102 2.9814246357741716 3.022500509488118 3.060723347708148 3.0964352459341886 3.1298879676048954 3.1613048658892446
6.0 6.0 6.0 6.0 6.0 6.0 6.0 6.0 6.0 6.0 6.0 6.0 6.0 6.0 6.0 6.0 3.214828539979701 3.188074282405325 3.1596814015801775 3.129455968743471 3.097168766023772 3.062546347833454 3.025259118349118 2.984905155551194 2.9409878385940105 2.892884221825442 2.839799195502647 2.780697091652561 2.7141961095033755 2.6383986240061454 2.5506047507241765 2.446798636558349 2.320653217687595 2.161394895156769 1.948520977606177 1.6355772507362272 1.0769511222080983 0.97 0.97 0.97 1.2255027841191863 1.7103535432027919 1.9969866912658423 2.1966658340648877 2.3480950299980012 2.4690991717715107 2.5692910897472325 2.6544166806062313 2.7281700326791554 2.793059102995038 2.8508602524442868 2.902875068450198 2.9500841355213097 2.993243539610841 3.0329478418075513 3.0696725454504077 3.1038035510476374 3.135792002447013 3.165976376119777
6.0 6.0 6.0 6.0 6.0 6.0 6.0 6.0 6.0 6.0 6.0 6.0 6.0 6.0 6.0 6.0 3.1993123125538356 3.1719239219931685 3.1428230958385828 3.1118027103544708 3.0786170736465213 3.0429719147381658 3.004510942573304 2.962797474340073 2.9172888119418205 2.8672996715981887 2.811948588159728 2.7500769079209624 2.6801218163406766 2.5999084602893445 2.5062910260984816 2.3944904045239137 2.2567623775928514 2.079391111485314 1.8346752761580645 1.4530809185212974 0.965 0.965 0.965 0.965 1.4530809185212974 1.8346752761580645 2.079391111485314 2.2567623775928514 2.3944904045239137 2.5062910260984816 2.5999084602893445 2.6801218163406766 2.7500769079209624 2.811948588159728 2.8672996715981887 2.9172888119418205 2.962797474340073 3.004510942573304 3.0429719147381658 3.0786170736465213 3.1118027103544708 3.1428230958385828 3.1719239219931685
6.0 6.0 6.0 6.0 6.0 6.0 6.0 6.0 6.0 6.0 6.0 6.0 6.0 6.0 6.0 3.2099977536288944 3.1835505566161704 3.155499916521766 3.1256580891464507 3.093803551047637 3.0596725454504075 3.022947841807551 2.9832435396108408 2.9400841355213094 2.8928750684501976 2.8408602524442865 2.7830591029950376 2.718170032679155 2.644416680606231 2.5592910897472323 2.4590991717715105 2.338095029998001 2.1866658340648875 1.9869866912658423 1.7003535432027919 1.2155027841191863 0.96 0.96 0.96 1.0669511222080983 1.6255772507362272 1.938520977606177 2.151394895156769 2.310653217687595 2.4367986365583487 2.5406047507241762 2.628398624006145 2.7041961095033753 2.770697091652561 2.829799195502647 2.882884221825442 2.9309878385940102 2.974905155551194 3.015259118349118 3.0525463478334536 3.0871687660237717 3.1194559687434706 3.1496814015801773 3.178074282405325
6.0 6.0 6.0 6.0 6.0 6.0 6.0 6.0 6.0 6.0 6.0 6.0 6.0 6.0 6.0 3.194600473030569 3.167532553771122 3.1387896965992614 3.1081715178406855 3.0754407503086494 3.0403137866624967 3.0024480248069243 2.9614246357741716 2.9167246314641018 2.867694873656632 2.8134985375516504 2.7530407299091015 2.6848528055848897 2.606904741406673 2.5162849035541406 2.40861767999546 2.2769146536790785 2.1090484840804726 1.8812764628202157 1.5371618202648865 0.955 0.955 0.955 0.955 1.3355336623211302 1.7630013543440173 2.0271463020721847 2.2150634267935807 2.359343485063495 2.475578712926926 2.5723809933551136 2.6549834873474043 2.7267916489775765 2.790139076139903 2.846690860404077 2.897674390010158 2.9440189544926736 2.9864440952731064 3.025517664561867 3.0616952125307337 3.0953474468562274 3.1267798351150744 3.156246891236877 3.183962779938564
6.0 6.0 6.0 6.0 6.0 6.0 6.0 6.0 6.0 6.0 6.0 6.0 6.0 6.0 6.0 3.1789627799385642 3.151246891236877 3.1217798351150745 3.0903474468562275 3.056695212530734 3.020517664561867 2.9814440952731065 2.9390189544926737 2.892674390010158 2.841690860404077 2.7851390761399033 2.7217916489775766 2.6499834873474044 2.5673809933551137 2.470578712926926 2.3543434850634952 2.210063426793581 2.022146302072185 1.7580013543440172 1.3305336623211301 0.95 0.95 0.95 0.95 1.5321618202648863 1.8762764628202155 2.1040484840804727 2.2719146536790786 2.40361767999546 2.5112849035541407 2.601904741406673 2.67985280558489 2.7480407299091016 2.8084985375516505 2.862694873656632 2.911724631464102 2.9564246357741717 2.9974480248069244 3.035313786662497 3.0704407503086495 3.1031715178406856 3.1337896965992615 3.162532553771122 3.189600473030569
6.0 6.0 6.0 6.0 6.0 6.0 6.0 6.0 6.0 6.0 6.0 6.0 6.0 6.0 3.189828539979701 3.163074282405325 3.134681401580177 3.1044559687434705 3.0721687660237715 3.0375463478334535 3.000259118349118 2.9599051555511937 2.91598783859401 2.8678842218254417 2.814799195502647 2.7556970916525607 2.689196109503375 2.613398624006145 2.525604750724176 2.4217986365583486 2.295653217687595 2.136394895156769 1.923520977606177 1.6105772507362273 1.0519511222080984 0.945 0.945 0.945 1.2005027841191864 1.685353543202792 1.9719866912658424 2.1716658340648873 2.323095029998001 2.4440991717715104 2.544291089747232 2.629416680606231 2.703170032679155 2.7680591029950374 2.8258602524442864 2.8778750684501975 2.9250841355213093 2.9682435396108406 3.007947841807551 3.0446725454504073 3.078803551047637 3.1106580891464506 3.1404999165217657 3.1685505566161702 3.1949977536288943
6.0 6.0 6.0 6.0 6.0 6.0 6.0 6.0 6.0 6.0 6.0 6.0 6.0 6.0 3.1743123125538357 3.1469239219931686 3.117823095838583 3.086802710354471 3.0536170736465214 3.017971914738166 2.979510942573304 2.937797474340073 2.8922888119418206 2.8422996715981887 2.7869485881597282 2.7250769079209625 2.6551218163406767 2.5749084602893446 2.4812910260984817 2.369490404523914 2.2317623775928515 2.054391111485314 1.8096752761580643 1.4280809185212973 0.94 0.94 0.94 0.94 1.4280809185212973 1.8096752761580643 2.054391111485314 2.2317623775928515 2.369490404523914 2.4812910260984817 2.5749084602893446 2.6551218163406767 2.7250769079209625 2.7869485881597282 2.8422996715981887 2.8922888119418206 2.937797474340073 2.979510942573304 3.017971914738166 3.0536170736465214 3.086802710354471 3.117823095838583 3.1469239219931686 3.1743123125538357 6.0
6.0 6.0 6.0 6.0 6.0 6.0 6.0 6.0 6.0 6.0 6.0 6.0 6.0 3.1849977536288945 3.1585505566161705 3.130499916521766 3.100658089146451 3.0688035510476372 3.0346725454504075 2.997947841807551 2.958243539610841 2.9150841355213095 2.8678750684501977 2.8158602524442866 2.7580591029950376 2.6931700326791552 2.619416680606231 2.5342910897472324 2.4340991717715106 2.313095029998001 2.1616658340648875 1.9619866912658424 1.675353543202792 1.1905027841191864 0.935 0.935 0.935 1.0419511222080984 1.6005772507362273 1.913520977606177 2.126394895156769 2.285653217687595 2.411798636558349 2.5156047507241763 2.6033986240061453 2.6791961095033754 2.745697091652561 2.804799195502647 2.857884221825442 2.9059878385940103 2.949905155551194 2.990259118349118 3.0275463478334537 3.0621687660237717 3.0944559687434707 3.1246814015801774 3.153074282405325 3.179828539979701 6.0
6.0 6.0 6.0 6.0 6.0 6.0 6.0 6.0 6.0 6.0 6.0 6.0 6.0 3.169600473030569 3.142532553771122 3.1137896965992615 3.0831715178406855 3.0504407503086495 3.015313786662497 2.9774480248069244 2.9364246357741717 2.891724631464102 2.842694873656632 2.7884985375516504 2.7280407299091016 2.65985280558489 2.581904741406673 2.4912849035541407 2.38361767999546 2.2519146536790786 2.0840484840804727 1.8562764628202155 1.5121618202648863 0.9299999999999999 0.9299999999999999 0.9299999999999999 0.9299999999999999 1.31053366232113 1.7380013543440171 2.002146302072185 2.190063426793581 2.334343485063495 2.450578712926926 2.5473809933551137 2.6299834873474044 2.7017916489775766 2.7651390761399033 2.821690860404077 2.872674390010158 2.9190189544926737 2.9614440952731065 3.000517664561867 3.036695212530734 3.0703474468562275 3.1017798351150745 3.131246891236877 3.1589627799385642 6.0 6.0
6.0 6.0 6.0 6.0 6.0 6.0 6.0 6.0 6.0 6.0 6.0 6.0 6.0 3.153962779938564 3.126246891236877 3.096779835115074 3.065347446856227 3.0316952125307335 2.995517664561867 2.956444095273106 2.9140189544926733 2.8676743900101576 2.816690860404077 2.760139076139903 2.6967916489775763 2.624983487347404 2.5423809933551134 2.4455787129269257 2.329343485063495 2.1850634267935805 1.9971463020721847 1.7330013543440173 1.3055336623211302 0.925 0.925 0.925 0.925 1.5071618202648864 1.8512764628202156 2.0790484840804724 2.2469146536790783 2.3786176799954597 2.4862849035541403 2.576904741406673 2.6548528055848895 2.7230407299091013 2.78349853755165 2.837694873656632 2.8867246314641015 2.9314246357741713 2.972448024806924 3.0103137866624965 3.045440750308649 3.078171517840685 3.108789696599261 3.1375325537711216 3.1646004730305686 6.0 6.0
6.0 6.0 6.0 6.0 6.0 6.0 6.0 6.0 6.0 6.0 6.0 6.0 3.164828539979701 3.138074282405325 3.1096814015801773 3.0794559687434706 3.0471687660237716 3.0125463478334535 2.975259118349118 2.934905155551194 2.89098783859401 2.8428842218254418 2.789799195502647 2.730697091652561 2.6641961095033753 2.588398624006145 2.500604750724176 2.3967986365583487 2.270653217687595 2.111394895156769 1.8985209776061769 1.5855772507362271 1.0269511222080983 0.92 0.92 0.92 1.1755027841191863 1.6603535432027918 1.9469866912658422 2.1466658340648874 2.298095029998001 2.4190991717715105 2.5192910897472323 2.604416680606231 2.678170032679155 2.7430591029950375 2.8008602524442865 2.8528750684501976 2.9000841355213094 2.9432435396108407 2.982947841807551 3.0196725454504074 3.053803551047637 3.0856580891464507 3.115499916521766 3.1435505566161703 3.1699977536288944 6.0 6.0
6.0 6.0 6.0 6.0 6.0 6.0 6.0 6.0 6.0 6.0 6.0 6.0 3.1493378815910007 3.1219239219931687 3.092823095838583 3.061802710354471 3.0286170736465214 2.992971914738166 2.9545109425733043 2.9127974743400733 2.8672888119418207 2.817299671598189 2.7619485881597283 2.7000769079209626 2.6301218163406768 2.5499084602893447 2.456291026098482 2.344490404523914 2.2067623775928515 2.0293911114853143 1.7846752761580644 1.4030809185212973 0.915 0.915 0.915 0.915 1.4030809185212973 1.7846752761580644 2.0293911114853143 2.2067623775928515 2.344490404523914 2.456291026098482 2.5499084602893447 2.6301218163406768 2.7000769079209626 2.7619485881597283 2.817299671598189 2.8672888119418207 2.9127974743400733 2.9545109425733043 2.992971914738166 3.0286170736465214 3.061802710354471 3.092823095838583 3.1219239219931687 3.149312312553836 6.0 6.0 6.0
6.0 6.0 6.0 6.0 6.0 6.0 6.0 6.0 6.0 6.0 6.0 6.0 3.1345094418435786 3.1059763761197767 3.075792002447013 3.0438035510476373 3.0096725454504076 2.9729478418075512 2.933243539610841 2.8900841355213096 2.8428750684501978 2.7908602524442867 2.7330591029950377 2.6681700326791553 2.594416680606231 2.5092910897472325 2.4090991717715107 2.288095029998001 2.1366658340648876 1.9369866912658422 1.6503535432027918 1.1655027841191863 0.91 0.91 0.91 1.0169511222080982 1.5755772507362271 1.8885209776061769 2.101394895156769 2.260653217687595 2.386798636558349 2.4906047507241764 2.5783986240061454 2.6541961095033755 2.720697091652561 2.779799195502647 2.832884221825442 2.8809878385940104 2.924905155551194 2.965259118349118 3.0025463478334538 3.037168766023772 3.069455968743471 3.0996814015801775 3.128074282405325 3.154828539979701 6.0 6.0 6.0
6.0 6.0 6.0 6.0 6.0 6.0 6.0 6.0 6.0 6.0 6.0 3.1487965381314953 3.1208831315142302 3.0913048658892444 3.059887967604895 3.0264352459341883 2.9907233477081476 2.9525005094881176 2.9114246357741713 2.8667246314641015 2.817694873656632 2.76349853755165 2.7030407299091013 2.6348528055848894 2.556904741406673 2.4662849035541403 2.3586176799954597 2.2269146536790783 2.0590484840804724 1.8312764628202156 1.4871618202648864 0.905 0.905 0.905 0.905 1.2855336623211302 1.7130013543440172 1.9771463020721847 2.1650634267935804 2.309343485063495 2.4255787129269257 2.5223809933551133 2.604983487347404 2.6767916489775763 2.740139076139903 2.7966908604040768 2.8476743900101575 2.8940189544926733 2.936444095273106 2.975517664561867 3.0116952125307335 3.045347446856227 3.076779835115074 3.097773979822735 3.117406858086647 3.136243672787482 3.154341670793025 6.0 6.0
6.0 6.0 6.0 6.0 6.0 6.0 6.0 6.0 6.0 6.0 6.0 3.1372863763301893 3.108599752735899 3.0781103906916143 3.045611296548382 3.0108619094307216 2.973581603677468 2.933442083833051 2.890058838453616 2.8429823398354905 2.791690860404077 2.735139076139903 2.6717916489775764 2.599983487347404 2.5173809933551134 2.420578712926926 2.304343485063495 2.1600634267935805 1.9721463020721846 1.7080013543440171 1.28053366232113 0.9 0.9 0.9 0.9 1.4821618202648863 1.8262764628202155 2.0540484840804725 2.2219146536790784 2.35361767999546 2.4612849035541404 2.551904741406673 2.6298528055848895 2.6980407299091014 2.75849853755165 2.812694873656632 2.8617246314641016 2.9064246357741714 2.947448024806924 2.9750259490554116 3.0000293964645848 3.0238028553165597 3.046452896931047 3.068073169354433 3.088746379293479 3.1085459109541125 3.127537158404166 3.1457786299200543 6.0
6.0 6.0 6.0 6.0 6.0 6.0 6.0 6.0 6.0 6.0 6.0 3.1271035929115545 3.0977867228111897 3.0665508333947464 3.0331595557693496 2.997333375437842 2.9587392605600296 2.9169772981933946 2.871563433683638 2.821907242429981 2.7672836919546286 2.706798561535916 2.639349935491443 2.5633986240061453 2.4756047507241763 2.3717986365583488 2.245653217687595 2.086394895156769 1.873520977606177 1.5605772507362272 1.0019511222080983 0.895 0.895 0.895 1.1505027841191864 1.635353543202792 1.9219866912658423 2.1216658340648875 2.273095029998001 2.3940991717715105 2.4942910897472323 2.579416680606231 2.653170032679155 2.7180591029950376 2.7758602524442866 2.8146046906051962 2.84846341279478 2.8802050946153512 2.910060432620847 2.938225277689402 2.9648672325976757 2.990130769540493 3.014141247143019 3.0370080979605265 3.0588273829194255 3.0796838571061045 3.099652654411067 3.118800672007622 3.1371877163248314
6.0 6.0 6.0 6.0 6.0 6.0 6.0 6.0 6.0 6.0 6.0 3.118335126326498 3.0885516491755722 3.0567607977743263 3.022703071134348 2.986067908908744 2.9464799067376273 2.9034802299194875 2.856501162869332 2.8048306863999524 2.7475623433206198 2.6835231278294103 2.611168391823007 2.528428002111246 2.432485539093804 2.319490404523914 2.1817623775928516 2.0043911114853143 1.7596752761580643 1.3780809185212972 0.89 0.89 0.89 0.89 1.3780809185212972 1.7596752761580643 2.0043911114853143 2.1817623775928516 2.319490404523914 2.431291026098482 2.524908460289345 2.5861170712549635 2.6369703081654707 2.6834612798632422 2.7262304428914867 2.7657900057187965 2.8025556573470167 2.8368691160343844 2.8690144985108788 2.8992304280920203 2.927719141357229 2.9546534402392646 2.9801820709422415 3.0044339364833212 3.0275214323751105 3.049543114715847 3.0705858541011573 3.090726589290058 3.110033766250009
6.0 6.0 6.0 6.0 6.0 6.0 6.0 6.0 6.0 6.0 6.0 3.111046687805563 3.0809763761197764 3.048843415959372 3.0143734847497887 2.9772359663799475 2.9370278135612855 2.8932512916650897 2.8452826376276703 2.7923268687275082 2.733350833520094 2.666980887798823 2.5913407345239747 2.5037833109687933 2.4004248759025826 2.275287033091658 2.118611525374805 1.9133588263785926 1.625353543202792 1.1405027841191864 0.885 0.885 0.885 0.9919511222080983 1.5505772507362272 1.863520977606177 2.076394895156769 2.201654246944608 2.296225118903885 2.3778735759980534 2.449507912574117 2.513172235456637 2.570355009603121 2.6221718484340917 2.6694792379305494 2.712948210264815 2.7531137215181327 2.790408718938751 2.825188240563467 2.857746839835348 2.888331428448339 2.9171509049430777 2.944383484286782 2.97018235428322 2.994680095109197 3.0179921714740696 3.0402197204443953 3.0614517980008755 3.0817672051269
6.0 6.0 6.0 6.0 6.0 6.0 6.0 6.0 6.0 6.0 6.0 3.1052792358582284 3.0751121363845013 3.0428635716420995 3.0082541125074123 2.9709462042365598 2.9305271882180506 2.886485722292511 2.838178290533971 2.7847803965807723 2.725213277599034 2.658029925113729 2.581230223067764 2.4919454329975954 2.3858644061421037 2.2561016816115225 2.0907085837240045 1.8662921911988466 1.5272471835193793 0.88 0.88 0.88 0.88 1.1211393504569127 1.491816945417245 1.7371711808925054 1.917995302644341 2.059864769986476 2.1758430590485904 2.273458037886554 2.35742308147446 2.430874578935142 2.495999255313628 2.5543791236443583 2.607193594341106 2.6553440885175026 2.6995341615433484 2.740322863331031 2.7781613531608302 2.813418679323666 2.846400341423295 2.877361921813006 2.906519272215667 2.934056245518775 2.9601306469333175 2.984878872779246 3.008419567961116 3.0308565399944865 3.052281103002267
6.0 6.0 6.0 6.0 6.0 6.0 6.0 6.0 6.0 6.0 6.0 3.1002792358582285 3.0701121363845014 3.0378635716420996 3.0032541125074124 2.96594620423656 2.9255271882180507 2.881485722292511 2.8331782905339713 2.7797803965807724 2.720213277599034 2.6530299251137293 2.576230223067764 2.4869454329975955 2.380864406142104 2.2511016816115226 2.0857085837240046 1.8612921911988467 1.5222471835193794 0.875 0.875 0.875 0.875 0.875 1.0147961407316668 1.4258465909213482 1.6894525700631053 1.8805155072504984 2.0288750580162853 2.149305811013573 2.2501497771247996 2.3365549753576067 2.411910051531212 2.4785577403850008 2.5381814934896614 2.59202940353241 2.641050977861185 2.6859843987912813 2.727414256457436 2.7658109421608166 2.8015582498335845 2.8349731658644948 2.8663203476357744 2.8958229072114827 2.9236705719752965 2.9500259490554117 2.975029396464585 2.9988028553165598 3.0214528969310472
