learning-packages/demo - Copie/includes/dem_river.asc
ncols         65
nrows         65
xllcorner     -100.0
yllcorner     -100.0
cellsize      3.076923076923077
[rows 24 to 47 of 65, columns 0 to 53 of 65]
4.097826403378723 4.562339908081649 5.26694065942795 5.12043599389358 4.085980103233304 3.092340220543878 2.8862088674915927 2.8928072914353584 2.8801851561931304 3.6647732961226764 6.0 6.0 6.0 6.85551307871724 8.843540254473181 9.934178441251584 13.079871921067708 14.087423224664736 11.126125005987118 7.4967840282598806 4.3869500583745475 2.654866889314386 2.5005178896877003 2.279949056273761 1.9074565325334238 0.9889072061505246 0.7399035242776679 1.1978341652955504 1.6932625660070675 2.001868999444497 2.2010563374656473 2.3473211359971886 2.4621591198128074 2.5562061713122066 2.635516536810458 2.703862848516879 2.763751796748183 2.8169312300885356 4.111546096313125 5.804673058013491 6.0 6.0 6.0 6.0 6.0 6.0 6.0 6.0 6.193032494169245 7.340642311071564 7.879413268620247 8.11861787169723 8.051804531921402 7.786941344382178
3.4592436414455228 4.744460640636954 5.843330473867407 5.983690444539166 5.014053265478558 3.649299369488161 2.897310623074806 2.9023634853408344 2.8951422706665024 3.6613025369312995 6.0 6.0 6.0 6.57692541430356 8.700222020303219 9.503795038523412 11.395595362534912 12.241691059698232 10.393514915351943 7.337615110283676 4.094757854355114 2.6502752002376533 2.5020016714487867 2.2929983935182245 1.9497915968377382 1.0619325705661395 0.8675552340371258 1.7006863823683744 2.1013784644786098 2.3020053676963603 2.4284472540110618 2.5255109358300927 2.606945311788838 2.676862243060589 2.7379561683774307 2.9492156853003157 3.9341828992070296 5.055085939855935 5.8748646340357435 6.0 6.0 6.0 6.0 6.0 6.0 6.0 6.0 6.0 6.0 6.2368507182068464 6.90032171704559 7.279123412535757 7.172124981346689 6.724957236600301
2.9126697118081073 4.235881707975325 5.442029571353626 6.016946111494657 5.0695003564200345 3.7313459385187486 2.8831374487468744 2.886913588843284 2.8917558216718646 3.6663499232247516 6.0 6.0 6.0 6.08492727140049 7.5224287193285075 8.78652509063464 9.180271323756754 9.263184868617328 8.954616526762319 6.601360569178247 3.4703012871752272 2.6557108286374427 2.5154613799464505 2.321294324770774 2.0145557224464348 1.1773893420483046 0.7286489871854498 1.5809113400310078 2.109635303301372 2.37660489182561 2.5402142812678132 2.6439362820308103 2.7134992935000657 2.7683278336965254 3.604201579683578 5.01004297588222 6.0 6.0 6.0 6.0 6.0 6.0 6.0 6.0 6.0 6.0 6.0 6.0 6.0 6.0 6.0 6.0 6.0 6.0
2.894290494558331 3.6353146322302905 4.599076237699312 4.83331752498575 4.426810102823165 3.286936355779178 2.8996792670549896 2.8977652304586043 2.8821685834828736 3.6677897278986897 6.0 6.0 6.0 6.0 6.260681258267852 7.297015875880523 7.944251548720474 7.970945358687167 7.612926515112911 6.004115823560871 2.8505769375931416 2.659860926720486 2.5257198107035777 2.342605444900949 2.0614372264466625 1.2988495691198287 0.6393633704590018 1.4080369729141111 2.036468303396294 2.3277753437154796 2.515348298306655 2.6519120518339734 2.7522184539543995 3.8052513018157126 5.801548058013491 6.0 6.0 6.0 6.0 6.0 6.0 6.0 6.0 6.0 6.0 6.0 6.0 6.0 6.0 6.0 6.0 6.0 6.0 6.0
2.8972434741298816 2.9013763296349113 3.2090589533739933 3.314420313975833 3.0946069923793473 2.9030079569946383 2.903993322207453 2.899531255510041 2.9049210524922526 3.6621992154434477 6.0 6.387638247646507 6.6663201289800735 6.64746184094426 6.227714579833279 6.08492727140049 6.345892444303222 6.3500330756316 6.258279960530039 5.202280281353422 2.7646181877290994 2.6632813768770482 2.534772831142462 2.361589909713659 2.102201093476232 1.4102158794606 0.5828905056483096 1.2306403934343653 1.9566447683689359 2.275405089714734 2.47455407445837 2.6175033711720643 2.8632299319417887 4.875711626766475 6.605075436565971 6.541355639521055 6.230864431135327 6.0 6.0 6.0 6.0 6.0 6.0 6.0 6.0 6.0 6.0 6.0 6.0 6.0 6.0 6.0 6.0 6.0
2.878688027748544 2.8883211706447525 2.8898737406773987 2.895958554293906 2.8815968298168135 2.8922767179100393 2.8902382457279647 2.88289996205793 3.098691582077867 4.596866806143554 7.385954591209463 8.311312472605485 8.023115311595529 7.617096940970585 6.904794287707972 6.0 6.0 6.0 6.0 5.800513027641565 3.3627031786471058 2.6660218369525617 2.5427226821199382 2.3785107347913224 2.137901091493289 1.5445172295308036 0.6367810959575239 1.0766825385552439 1.8685360933161348 2.220241886015269 2.43238405863081 2.5822237314285768 3.177459664364928 5.107503226114346 7.125985063730279 7.0109879475500625 6.700286857152831 6.09037113117884 6.0 6.0 6.0 6.0 6.0 6.0 6.054145871779287 6.34043529722439 6.470404389366892 6.40424146857121 6.110677430795211 6.0 6.0 6.0 6.0 6.0
2.9007367044721533 2.877612850403384 2.897964704372105 2.900252975349797 2.897614007315863 2.9270745188110427 2.906049362323492 2.902516321266878 3.539054483995642 5.447476610308144 8.656105903436393 9.520088566060371 9.378957648605795 8.164208895739202 7.0712133115673454 6.0 6.0 6.0 6.0 6.0 3.561700110330969 2.668127173379141 2.5496593708497866 2.3935893097297 2.1693405411167705 1.6570403911653409 0.6981211136471511 0.9183081665599137 1.769820715124066 2.1618681030933145 2.3886958022394764 2.5460701179457272 3.2703940522732964 4.685914796082362 7.710508463687896 7.353035216466198 6.854047908917709 6.184339297262203 6.0 6.0 6.0 6.0 6.0 6.0 6.459530224990859 7.04082673473231 7.176096783888346 7.1018111050593955 6.710990357690475 6.054695646541964 6.0 6.0 6.0 6.0
2.8979952186586053 2.8822496419948695 2.8960074650011 2.906109278179583 2.927538458211157 2.9243418690168723 2.885262914902704 2.9183292178960514 3.628973613606143 5.62133363384607 9.263212087945265 9.776330007017602 8.992378347957349 7.836854532167531 7.020284055256545 6.0 6.0 6.0 6.0 6.0 4.165436841241853 2.6696380528530415 2.555662535068416 2.4070137226586055 2.197146346039617 1.7453376543126158 0.8011980880319729 0.7909765971894103 1.6570067887960944 2.0997661572702584 2.343324059126557 2.508970358806206 3.174465995693175 4.346416521669086 7.1505997102822025 7.148377531596518 6.774439232532133 6.136570928654962 6.0 6.0 6.0 6.0 6.0 6.0 6.73164045148251 7.322518891005036 7.901841716787938 7.550619324457676 7.029124394275519 6.223727584152149 6.0 6.0 6.0 6.0
2.9070287931297654 2.888458798676867 3.155311921539573 3.5270864563051143 3.50451239406678 3.1637471347765964 2.8941056156449494 2.8837473294017775 3.4196121815237333 5.302503664429331 8.017941313740467 8.461842879854725 7.775189101632222 7.020284055256546 6.465443511778594 6.0 6.0 6.0 6.0 6.0 4.366322764971838 2.670591445770922 2.5608029658153186 2.41894509977101 2.22181735651641 1.8173774001120346 0.8979545233850383 0.6598310020627132 1.524430965298149 2.033283637617399 2.2960756769399064 2.470843201990881 2.83112423282768 3.4024679213341336 6.040776135751019 6.774439232532133 6.379489463371434 6.0 6.0 6.0 6.0 6.0 6.0 6.0 6.73164045148251 7.3225188910050365 7.901841716787938 7.550619324457676 7.029124394275518 6.22372758415215 6.0 6.0 6.0 6.0
2.9128583268863397 3.487972748237618 4.521193401189022 4.88139056756212 4.745096820382044 4.389258810133746 3.419417109138972 2.9092816929668444 2.9967984062907878 4.202649495976923 6.726412353351475 6.619106576494676 6.1328243446658 6.0 6.0 6.0 6.0 6.0 6.0 6.0 4.975950772184683 2.6710210567363624 2.565143861213644 2.4295225035797254 2.2437571219625005 1.8776316170139307 1.0295526375789805 0.5702846671138512 1.361789924664316 1.9615815252447495 2.2467229701194698 2.431596741278086 2.5667213309958634 2.762655330961079 5.159705931574096 6.136570928654962 6.0 6.0 6.0 6.0 6.0 6.0 6.0 6.0 6.459530224990859 7.040826734732309 7.176096783888346 7.101811105059395 6.710990357690476 6.054695646541964 6.0 6.0 6.0 6.0
3.0279162994673534 4.544835321752396 5.419014280065736 5.972656362994054 5.947404171848597 5.273991067667958 4.218198832344243 2.9772766631591767 2.896993110612079 3.6829623866194936 6.0 6.0 6.0 6.0 6.0 6.0 6.0576758645892905 6.418619701027512 6.491176372094798 6.295302520727035 5.178951200769936 2.6709576944362703 2.5687418663206043 2.4388667669052886 2.2632967483711175 1.9289024735482616 1.1525402240164782 0.4908143571256189 1.1771417050681348 1.883554399415301 2.1949949953914945 2.3911264865872717 2.532444422923965 2.641896809121279 4.351893087537764 6.0 6.0 6.0 6.0 6.0 6.0 6.0 6.0 6.0 6.054145871779286 6.34043529722439 6.470404389366892 6.404241468571211 6.11067743079521 6.0 6.0 6.0 6.0 6.0
3.433398952154433 5.16581063319145 5.857740861888777 7.298338438111337 7.208795212748181 5.71933511144535 4.7615583109985185 3.2513684159650627 2.9198858151279232 3.691078161922778 6.0 6.0 6.0 6.0 6.0 6.0 6.551846995064966 7.180248963473714 7.314499057654432 7.028130839324086 6.089986254487254 3.2866311860106543 2.571647941386793 2.4470835290337685 2.280711262436298 1.9730781858458488 1.303001844780274 0.5265919879260672 1.024267731519449 1.797701754932257 2.1405658732402117 2.3493129777298756 2.4973729372077815 2.610988309793487 4.131404999472258 6.0 6.0 6.0 6.0 6.0 6.0 6.0 6.0 6.0 6.0 6.0 6.0 6.0 6.0 6.0 6.0 6.0 6.0 6.0
3.4132666207512483 5.00147159231416 5.9285883351324955 7.2970024359227335 6.950787664045057 5.663514116654034 4.721246765810206 3.0550685728972233 2.899201024400661 3.697618625848753 6.0 6.0 6.0 6.0 6.0 6.0 6.781832163925664 7.579562264463678 7.99688418261849 7.314499057654433 6.491176372094798 3.491541149653725 2.5739080913933425 2.454265665591198 2.2962315871637493 2.0114987864663108 1.442301162635279 0.585936797334202 0.8605009931494888 1.70190827814325 2.0830388567395666 2.306018805251136 2.4614442589128354 2.579525251889803 3.495081926723989 6.0 6.0 6.0 6.0 6.0 6.0 6.0 6.0 6.0 6.0 6.0 6.0 6.0 6.0 6.0 6.0 6.0 6.0 6.0
3.1423306825279145 4.457801527214996 5.501338868870549 6.056492394503371 5.838221844439581 5.31348609347315 4.156290626491119 2.8826046177686018 2.876675872595276 3.668723317789281 6.0 6.0 6.0 6.0 6.0 6.0 6.690726475119823 7.340640503804005 7.579562264463678 7.180248963473713 6.418619701027512 3.905535429924076 2.5755639826144625 2.460495251980869 2.3100534750590396 2.0451530649030962 1.5489835040563489 0.6795686953147729 0.7307663021564614 1.593039801265435 2.021924122349094 2.2610848518783837 2.424588274355813 2.54747095269568 3.473099616593408 6.0 6.0 6.0 6.0 6.0 6.0 6.0 6.0 6.0 6.0 6.0 6.0 6.0 6.0 6.0 6.0 6.0 6.0 6.0
2.9607412948213487 3.4478781176550273 4.158149715475328 4.517504616106217 4.49409496538253 3.992800973116929 3.136351967760027 2.8881415856014323 2.898012726159706 3.674827958834361 6.0 6.0 6.0 6.0 6.0 6.0 6.141799420305713 6.552581180095859 6.625465731140531 6.441477596051972 6.046140691671432 4.319492508313756 2.5767605224457664 2.4666224653523736 2.324197530348543 2.0792472811201117 1.6467416522031448 0.7982229558991276 0.5792902576269509 1.4415218052969374 1.9450469954998906 2.2062533661923966 2.3802656232559603 2.5092444855428555 2.7771674128576405 5.330160960615949 6.0 6.0 6.0 6.0 6.0 6.0 6.0 6.0 6.0 6.0 6.0 6.0 6.0 6.0 6.0 6.0 6.0 6.0
2.899829352077961 2.947550261262122 3.117225044072022 3.236378645594442 3.140772496863649 2.9970908282049322 2.9093844751707865 2.9067620585896137 2.9167731515225066 3.6941055319680016 6.0 6.0 6.0 6.0 6.0 6.0 6.0 6.0 6.0 6.0 6.0 4.946616634311894 2.577284199782239 2.4717213309958637 2.3365967412780857 2.1090647955692097 1.7263836469726486 0.9470747573315228 0.4685600947542086 1.252579169721905 1.8615884808778431 2.148757121962501 2.3345225035797257 2.470143861213644 2.5760210567363626 4.945325772184683 6.0 6.0 6.0 6.0 6.0 6.0 6.0 6.0 6.0 6.0 6.0 6.0 6.0 6.0 6.0 6.0 6.0 6.0
2.8839414833433326 2.892576915678727 2.8986130297348898 2.897983897232896 2.9100298082262053 2.8895741378691433 2.902606487316402 2.889210788970787 2.9193676396052495 3.6722867163971853 6.0 6.0 6.0 6.0 6.0 6.0 6.0 6.0 6.0 6.0 6.0 5.15547822683331 2.5771810641813033 2.475259801692353 2.3458432019908804 2.131416491717945 1.7829732288177176 1.0691500968157641 0.39424425336824637 1.0691500968157641 1.7829732288177178 2.09681735651641 2.2939450997710096 2.435802965815319 2.5455914457709214 4.303822764971839 6.0 6.0 6.0 6.167808797845046 6.600895420205034 6.740190983924191 6.469412803178218 6.0546039891025565 6.0 6.0 6.0 6.0 6.0 6.0 6.0 6.0 6.0 6.0
2.9023706784654806 2.901312996537668 2.9155212904953496 2.903001026391845 2.883298294990469 2.9121978318065396 2.891356145995868 2.866668522214556 2.885131412823922 3.6731305645010064 6.0 6.0 6.0 6.0 6.0 6.0 6.0 6.0 6.0 6.0 6.0 5.788814493816004 3.2104285741190233 2.4781103561721194 2.3539703588062064 2.1512943861437472 1.831588480877843 1.222579169721905 0.4385600947542087 0.9170747573315225 1.6963836469726483 2.0421463460396163 2.252013722658605 2.400662535068416 2.5146380528530408 4.077311841241853 6.0 6.0 6.0 6.600895420205035 7.269236620576868 7.495433164110728 7.117387697587967 6.343281330965576 6.0 6.0 6.0 6.0 6.0 6.0 6.0 6.0 6.0 6.0
2.8884308244368757 2.930680047377802 2.92972913311388 3.088423319390494 3.2606096658874373 3.2811271788827328 3.0770252621452454 2.8764045923732957 2.8796213159886537 3.644520728995676 6.0 6.0 6.0 6.0 6.0 6.0 6.0 6.0 6.0 6.0 6.0 6.0 3.421179732352084 2.4803186157073247 2.361070117945727 2.1689894873807916 1.873771034478762 1.3584715233852018 0.49799279707394783 0.7540066221315977 1.5996385630631176 1.9843405411167707 2.2085893097296996 2.364659370849786 2.483127173379141 3.4229501103309685 6.0 6.0 6.0 6.740190983924192 7.495433164110728 7.890528090445214 7.2444874945630495 6.465015816586091 6.0 6.0 6.0 6.0 6.0 6.0 6.0 6.0 6.0 6.0
2.9097216310506435 2.909583338314185 3.1068826206660463 3.6832613829907914 3.860799360400773 3.8254330324112864 3.633790885603435 3.0835756053491865 2.9074580973054145 3.6735569593058015 6.0 6.0 6.0 6.0 6.0 6.0 6.0 6.0 6.0 6.0 6.0 6.0 4.0600580503618175 2.4819259098141573 2.367223731428577 2.1847446381036164 1.910653426082281 1.4630646744500606 0.5954400400822734 0.6261225028884544 1.4894904409559804 1.9229010914932887 2.1635107347913225 2.327722682119938 2.4510218369525614 3.187078178647105 5.786138027641565 6.0 6.0 6.469412803178217 7.117387697587966 7.2444874945630495 6.973371540179378 6.226532149705177 6.0 6.0 6.0 6.040811336404925 6.16502873161368 6.165028731613679 6.040811336404925 6.0 6.0 6.0
2.893310551157248 2.885649721724402 3.283306814654882 3.882344949450795 4.369557101289123 4.349250783413276 3.8620081713691183 3.279951523838066 2.91819453217762 3.6764952784262017 6.0 6.0 6.0 6.0 6.0 6.0 6.0 6.0 6.0 6.0 6.0 6.0 4.272677872215706 2.482969793239888 2.372503371172064 2.198764622883208 1.9430933281154632 1.5472678694395237 0.6933964100490476 0.49189828466104446 1.3607487294439524 1.8572010934762322 2.1165899097136593 2.2897728311424626 2.4182813768770477 2.5196181877290993 5.141030281353423 6.0 6.0 6.0546039891025565 6.343281330965576 6.465015816586091 6.226532149705177 6.0 6.0 6.0 6.209172713236304 6.5272442063294935 6.722619888692758 6.722619888692759 6.5272442063294935 6.212285480873118 6.3631276864677515 6.497633909465952
2.919550802380709 2.894924894739114 3.28354587390652 3.862933116874555 4.343277542765051 4.358535076964348 3.865910653903708 3.2823527869375995 2.9325631992393464 3.6932938844162093 6.0 6.0 6.0 6.0 6.0 6.0 6.0 6.0 6.0 6.0 6.0 6.45166890705203 4.852619583138456 2.4834844876980093 2.3769734233789697 2.2112237415666214 1.971756429527631 1.6170035693820533 0.8184438626874858 0.3980633781958878 1.2041869613997862 1.7864372264466621 2.067605444900949 2.2507198107035777 2.384860926720486 2.4898002878235865 5.133927463892638 6.0 6.0 6.0 6.0 6.0 6.0 6.0 6.0 6.083434486450526 6.620068759681691 6.812339298471431 6.911994716870498 6.911994716870498 6.812339298471431 6.786557156919554 7.216893649259282 7.433761909163137
2.9049232385500368 2.9087250909607185 3.087222697033712 3.663214926001875 3.848802855923054 3.8636703425492165 3.660632164475877 3.0897433311648705 2.90515486563958 3.6658700624090326 6.0 6.0 6.0 6.0 6.0 6.0 6.0 6.0 6.0 6.0 7.227428338863678 9.096820108414372 7.194242100145398 2.633803880037496 2.3806915608051837 2.2222715789947176 1.997170035138783 1.675895349028259 0.9434345122848452 0.30968836698309404 1.0186116775603806 1.7095557224464348 2.0162943247707736 2.2104613799464503 2.3507108286374425 2.4594967027340946 4.476198714227994 6.0 6.0 6.0 6.0 6.0 6.0 6.0 6.0 6.296064582547214 6.76070782149641 6.976408597826313 7.374135760116966 7.374135760116965 6.976408597826313 7.105496160188882 7.557290378436878 7.812563228725192
2.9194325160574 2.915957683546718 2.9052588119164175 3.0980308351252033 3.305541419438911 3.286772526544474 3.062075085442482 2.897248648439097 2.907153860000377 3.6609537591373544 6.0 6.0 6.0 6.0 6.0 6.0 6.0 6.0 6.0 6.0 8.024222529875264 10.098094552853977 8.662749423763756 3.368955175192483 2.383709637112362 2.2320374658807642 2.0197590614200776 1.7263396323073585 1.08766156397699 0.3268554556935544 0.8627339466668804 1.6251339626450356 1.9623407971138052 2.1688807625813524 2.3157759342529447 2.4286772960895053 4.246125461927522 6.0 6.0 6.0 6.0 6.0 6.0 6.0 6.0 6.340772509557881 6.778217687239406 7.042239460458655 7.685383815292363 7.685383815292363 7.042239460458655 6.945449545213316 7.129551102183011 7.193165170437699
