learning-packages/demo - Copie/includes/dem_water_level.asc
ncols         200
nrows         200
xllcorner     -100.0
yllcorner     -100.0
cellsize      1.0
[rows 156 to 181 of 200, columns 59 to 117 of 200]
6.0 6.0 6.0 6.0 6.0 6.0 6.0 6.0 6.0 6.0 6.0 6.0 6.0 2.465544895105043 2.437083735749864 2.4067615851372848 2.3743424459410036 2.339544115793159 2.3020255366407563 2.261369555228989 2.217058960423758 2.168442416291885 2.11468475985549 2.054692273495781 1.986996285242512 1.9095640317387896 1.8194751128406075 1.712331411669865 1.5810886945399674 1.4134742819234891 1.1853165827045393 0.8385627996320599 0.21999999999999997 0.21999999999999997 0.21999999999999997 0.21999999999999997 0.8018929382532376 1.163146657498949 1.397905149749555 1.5692353121231088 1.7028382590222677 1.811603443191846 1.902869465475501 1.9811919323921374 2.0495827913185805 2.1101314921383336 2.1643436001907777 2.2133378324733055 2.257966866020177 2.298894655548054 2.3366477239318124 2.3716502390860272 2.404248639266564 2.4347293192977872 2.463331589632636 6.0 6.0 6.0 6.0
6.0 6.0 6.0 6.0 6.0 6.0 6.0 6.0 6.0 6.0 6.0 6.0 6.0 2.4649397401634987 2.4367570052255854 2.4067474178409674 2.3746814283175364 2.3402849803483163 2.303227451315958 2.263105266439304 2.219419198570335 2.171542218918664 2.1186727984819407 2.059765056110111 1.9934206124390568 1.9177141435501275 1.8298976302857026 1.7258670259435087 1.5991216300250155 1.4385097973277263 1.222573893778908 0.9017897026973208 0.3146827099524173 0.21499999999999997 0.21499999999999997 0.21499999999999997 0.717593780240546 1.111503902413034 1.3605783897946764 1.539813303169626 1.678378361475005 1.7905253871294944 1.884232292063833 1.9643926832766505 2.0342132576169396 2.0959032334005543 2.1510457009215025 2.2008116752800615 2.2460903366518346 2.2875718575253434 2.3258020554981873 2.3612195995260867 2.3941820273405856 2.4249843672810796 2.4538727415568298 6.0 6.0 6.0 6.0
6.0 6.0 6.0 6.0 6.0 6.0 6.0 6.0 6.0 6.0 6.0 6.0 6.0 6.0 2.4363835804408436 2.4066806983504923 2.37496086738114 2.3409578711844614 2.3043511071155094 2.2647500040463378 2.2216725060021076 2.174514712970991 2.1225069716151426 2.0646485234830476 1.9996069221853117 1.9255569326265491 1.8399097625040572 1.7388300550658982 1.616306608141107 1.462177175549821 1.2573074351541509 0.9591005129304389 0.43881988642540914 0.20999999999999996 0.20999999999999996 0.20999999999999996 0.6239066993366134 1.0564464645403744 1.3215384764126217 1.5093770570163887 1.6532540370836317 1.7689812611370441 1.8652516632011165 1.9473307290408255 2.0186368421205936 2.081508193403682 2.1376107369092083 2.188171049141041 2.234116895938736 2.2761660453891386 2.3148845497951127 2.3507262375839924 2.384060217889312 2.4151904977064453 2.4443702679644623 6.0 6.0 6.0 6.0
6.0 6.0 6.0 6.0 6.0 6.0 6.0 6.0 6.0 6.0 6.0 6.0 6.0 6.0 2.4359643096935835 2.4065624333416564 2.3751819693719853 2.341564249417966 2.3053982956476298 2.266305995621401 2.2238216967723052 2.1773635195089307 2.126192040416804 2.0693490983598144 2.0055641508558963 1.9331053151819217 1.849531096055002 1.7512521141302662 1.6326991607622197 1.4845865005877226 1.2897804820169152 1.0113726085545514 0.5448992390048203 0.20499999999999996 0.20499999999999996 0.20499999999999996 0.5185693098986554 0.9974861211221401 1.2806112491940436 1.4778465768604434 1.6274224747707478 1.7469456819376994 1.8459113800795142 1.9299951435137728 2.00284584969513 2.0669407614937114 2.124034499434036 2.1754127211883127 2.2220440101755985 2.2646751988323537 2.303893571586563 2.340168812229698 2.373882098345555 2.4053467779886577 2.4348233798912307 6.0 6.0 6.0 6.0
6.0 6.0 6.0 6.0 6.0 6.0 6.0 6.0 6.0 6.0 6.0 6.0 6.0 6.0 2.4355000190491127 2.4063936016833436 2.3753459053107173 2.342105530923819 2.3063707494750254 2.2677753902715834 2.2258694784881827 2.1800921116929697 2.129732554723292 2.073872891349791 2.0113007549812023 1.9403714326207668 1.8587798866022245 1.763162341216811 1.6483496826053161 1.5058354261352116 1.3202181646175533 1.0593060103169882 0.6370699714344281 0.19999999999999996 0.19999999999999996 0.19999999999999996 0.3984277458445671 0.9340260228193402 1.2375955426945697 1.4451323460685097 1.6008367298605355 1.7243912043110765 1.826194108230317 1.9123743267813584 1.986832161708023 2.052195048208006 2.1103125891371644 2.162533324020041 2.209869048144463 2.2530972252301735 2.2928274309275443 2.3295459403192202 2.3636465232221164 2.395452249455638 2.4252312674467307 2.4532084422650424 6.0 6.0 6.0
6.0 6.0 6.0 6.0 6.0 6.0 6.0 6.0 6.0 6.0 6.0 6.0 6.0 6.0 2.4349915130986646 2.406175155437033 2.3754538123359437 2.342583088156612 2.3072701446429242 2.269160262227817 2.227818457534091 2.1827038226127957 2.133132865188258 2.0782257205387125 2.0168247445071734 1.947366711420453 1.8676731751432598 1.774587646033691 1.663304037475946 1.5260109551380454 1.3488144086937726 1.103467651567199 0.7182249542695459 0.19499999999999995 0.19499999999999995 0.19499999999999995 0.258910172264193 0.8653265892104814 1.1922574096621745 1.4111337836806626 1.5734451839049122 1.701288095517787 1.806081270680314 1.8944559495853057 1.9705872049022206 2.03726486680378 2.0964404045241998 2.1495293482554825 2.1975892761290092 2.24142995620399 2.2816843807363467 2.3188561948415747 2.3533523128213734 2.3855059263822533 2.41559309907989 2.443844970604862 6.0 6.0 6.0
6.0 6.0 6.0 6.0 6.0 6.0 6.0 6.0 6.0 6.0 6.0 6.0 6.0 6.0 2.434439575686178 2.405908020812195 2.375506794979407 2.342998251881644 2.3080981030744527 2.2704626142319864 2.2296711439809016 2.1852018526093815 2.1363971345730803 2.0824131295976565 2.022143713247134 1.9541019173867902 1.8762268919273097 1.7855529283773093 1.677604078351905 1.54519091430064 1.3757373771730972 1.1443227318911684 0.7904570701685825 0.18999999999999995 0.18999999999999995 0.18999999999999995 0.18999999999999995 0.7904570701685825 1.1443227318911684 1.3757373771730972 1.54519091430064 1.677604078351905 1.7855529283773093 1.8762268919273097 1.9541019173867902 2.022143713247134 2.0824131295976565 2.1363971345730803 2.1852018526093815 2.2296711439809016 2.2704626142319864 2.3080981030744527 2.342998251881644 2.375506794979407 2.405908020812195 2.434439575686178 6.0 6.0 6.0
6.0 6.0 6.0 6.0 6.0 6.0 6.0 6.0 6.0 6.0 6.0 6.0 6.0 6.0 2.4338449706048624 2.40559309907989 2.3755059263822536 2.3433523128213736 2.308856194841575 2.271684380736347 2.23142995620399 2.1875892761290094 2.1395293482554827 2.0864404045242 2.02726486680378 1.9605872049022208 1.884455949585306 1.7960812706803142 1.6912880955177871 1.5634451839049124 1.4011337836806628 1.1822574096621747 0.8553265892104815 0.2489101722641931 0.18500000000000005 0.18500000000000005 0.18500000000000005 0.708224954269546 1.0934676515671993 1.3388144086937728 1.5160109551380456 1.6533040374759462 1.7645876460336911 1.85767317514326 1.9373667114204531 2.0068247445071736 2.0682257205387127 2.1231328651882584 2.172703822612796 2.2178184575340913 2.2591602622278173 2.2972701446429244 2.3325830881566123 2.365453812335944 2.3961751554370334 2.424991513098665 6.0 6.0 6.0
6.0 6.0 6.0 6.0 6.0 6.0 6.0 6.0 6.0 6.0 6.0 6.0 6.0 6.0 2.433208442265043 2.405231267446731 2.375452249455638 2.3436465232221164 2.3095459403192207 2.2728274309275447 2.2330972252301735 2.189869048144463 2.142533324020041 2.0903125891371643 2.0321950482080062 1.966832161708023 1.8923743267813586 1.8061941082303172 1.7043912043110767 1.5808367298605357 1.42513234606851 1.21759554269457 0.9140260228193403 0.3784277458445672 0.18000000000000005 0.18000000000000005 0.18000000000000005 0.6170699714344282 1.0393060103169884 1.3002181646175535 1.4858354261352118 1.6283496826053163 1.7431623412168111 1.8387798866022247 1.920371432620767 1.9913007549812023 2.053872891349791 2.1097325547232924 2.16009211169297 2.205869478488183 2.2477753902715834 2.286370749475026 2.3221055309238188 2.3553459053107173 2.386393601683344 2.4155000190491127 6.0 6.0 6.0
6.0 6.0 6.0 6.0 6.0 6.0 6.0 6.0 6.0 6.0 6.0 6.0 6.0 6.0 6.0 2.404823379891231 2.375346777988658 2.3438820983455546 2.3101688122296977 2.273893571586563 2.2346751988323534 2.1920440101755982 2.145412721188313 2.094034499434036 2.036940761493711 1.97284584969513 1.8999951435137727 1.8159113800795141 1.7169456819376994 1.5974224747707477 1.4478465768604434 1.2506112491940435 0.9674861211221402 0.48856930989865544 0.17500000000000004 0.17500000000000004 0.17500000000000004 0.5148992390048204 0.9813726085545513 1.2597804820169152 1.4545865005877225 1.6026991607622196 1.7212521141302661 1.819531096055002 1.9031053151819217 1.9755641508558963 2.039349098359814 2.0961920404168044 2.1473635195089305 2.1938216967723054 2.236305995621401 2.27539829564763 2.311564249417966 2.3451819693719855 2.3765624333416566 2.4059643096935837 6.0 6.0 6.0
6.0 6.0 6.0 6.0 6.0 6.0 6.0 6.0 6.0 6.0 6.0 6.0 6.0 6.0 6.0 2.4043702679644623 2.3751904977064453 2.344060217889312 2.3107262375839923 2.2748845497951127 2.2361660453891385 2.194116895938736 2.148171049141041 2.0976107369092083 2.041508193403682 1.9786368421205935 1.9073307290408255 1.8252516632011164 1.728981261137044 1.6132540370836317 1.4693770570163887 1.2815384764126216 1.0164464645403744 0.5839066993366134 0.17000000000000004 0.17000000000000004 0.17000000000000004 0.3988198864254092 0.9191005129304389 1.2173074351541509 1.422177175549821 1.576306608141107 1.6988300550658981 1.7999097625040572 1.885556932626549 1.9596069221853116 2.0246485234830476 2.0825069716151425 2.134514712970991 2.1816725060021076 2.2247500040463377 2.2643511071155094 2.3009578711844614 2.33496086738114 2.366680698350492 2.3963835804408435 6.0 6.0 6.0
6.0 6.0 6.0 6.0 6.0 6.0 6.0 6.0 6.0 6.0 6.0 6.0 6.0 6.0 6.0 2.40387274155683 2.3749843672810798 2.344182027340586 2.311219599526087 2.2758020554981875 2.2375718575253436 2.1960903366518347 2.1508116752800617 2.1010457009215027 2.0459032334005545 1.9842132576169398 1.9143926832766507 1.8342322920638332 1.7405253871294946 1.6283783614750051 1.4898133031696261 1.3105783897946766 1.0615039024130342 0.667593780240546 0.16500000000000004 0.16500000000000004 0.16500000000000004 0.2646827099524174 0.8517897026973209 1.172573893778908 1.3885097973277265 1.5491216300250157 1.675867025943509 1.7798976302857028 1.8677141435501277 1.943420612439057 2.009765056110111 2.068672798481941 2.1215422189186643 2.1694191985703353 2.213105266439304 2.2532274513159583 2.2902849803483165 2.3246814283175365 2.3567474178409675 2.3867570052255855 2.414939740163499 6.0 6.0
6.0 6.0 6.0 6.0 6.0 6.0 6.0 6.0 6.0 6.0 6.0 6.0 6.0 6.0 6.0 2.4033315896326366 2.374729319297787 2.344248639266564 2.311650239086027 2.2766477239318124 2.238894655548054 2.197966866020177 2.1533378324733055 2.104343600190778 2.0501314921383336 1.9895827913185804 1.9211919323921376 1.8428694654755011 1.7516034431918461 1.6428382590222679 1.509235312123109 1.337905149749555 1.1031466574989492 0.7418929382532377 0.16000000000000003 0.16000000000000003 0.16000000000000003 0.16000000000000003 0.77856279963206 1.1253165827045395 1.3534742819234893 1.5210886945399675 1.652331411669865 1.7594751128406076 1.8495640317387898 1.9269962852425122 1.9946922734957808 2.0546847598554905 2.108442416291885 2.1570589604237584 2.201369555228989 2.242025536640756 2.2795441157931595 2.314342445941004 2.346761585137285 2.377083735749864 2.405544895105043 6.0 6.0
6.0 6.0 6.0 6.0 6.0 6.0 6.0 6.0 6.0 6.0 6.0 6.0 6.0 6.0 6.0 2.4027475809340677 2.3744262611787867 2.344261134545114 2.312019456847068 2.2774231379243544 2.24013639069178 2.199748924925233 2.1557526260224043 2.107508463495792 2.0541983185336052 1.994752743391986 1.9277387792613758 1.8511783422796044 1.762238949323003 1.656672872149325 1.5277148469811588 1.3636704786933909 1.141778882487723 0.8084791017851225 0.18151127535167766 0.15500000000000003 0.15500000000000003 0.15500000000000003 0.6983009879488067 1.0752251228840304 1.3169459520569686 1.4921464226666192 1.6281888362096961 1.7386211623929022 1.8310928399506585 1.9103244879947818 1.9794234194923812 2.040537870176121 2.095211527753177 2.1445888655022696 2.1895405605764626 2.2307435097666204 2.2687337692447427 2.303942677388373 2.3367221647106797 2.3673629006910737 2.396107570272008 6.0 6.0
6.0 6.0 6.0 6.0 6.0 6.0 6.0 6.0 6.0 6.0 6.0 6.0 6.0 6.0 6.0 2.402121464656077 2.3740760760669595 2.3442205635390128 2.3123285145318704 2.278129830079169 2.241298948185227 2.201438865837536 2.158059040188962 2.1105441496385957 2.0581088155612 1.9997300452237456 1.9340429493134224 1.859173127264052 1.7724537377417406 1.669918076509071 1.5453165148445782 1.3880073087469698 1.1777386933514418 0.8686249940180236 0.31683572870580845 0.15000000000000002 0.15000000000000002 0.15000000000000002 0.6095485529525618 1.0219303124079748 1.2787828879968437 1.4622267526203991 1.6034018372295002 1.7173131234522088 1.8122858965446293 1.8933952120084951 1.9639513814596312 2.0262269053973743 2.0818456107142227 2.132005869813772 2.177615886340851 2.2193794528346036 2.2578523832529074 2.293480841700085 2.3266280910842028 2.3575936048746966 2.386627006778425 6.0 6.0
6.0 6.0 6.0 6.0 6.0 6.0 6.0 6.0 6.0 6.0 6.0 6.0 6.0 6.0 6.0 6.0 2.3736796236714177 2.3441279472167738 2.312578636512397 2.278769284845804 2.242384150151244 2.2030389569727302 2.1602599443124184 2.113454356734649 2.0618678548863443 2.004521283492204 1.9401136322797639 1.8668671484528363 1.7822681083673362 1.6826068297429386 1.5620986751306458 1.4110327225385624 1.2113116454665422 0.9233190870439629 0.4313207829650989 0.14500000000000002 0.14500000000000002 0.14500000000000002 0.5103657956188887 0.9649885694379479 1.2388226559935274 1.4312539511587699 1.5779294918987787 1.6955265676856848 1.7931275340158805 1.876197848767545 1.948268665161375 2.011746387785369 2.0683405477156502 2.119306805116044 2.165593045797168 2.2079313804681204 2.24689834906553 2.2829556182727124 2.316478267685559 2.3477749284099296 2.3771024258571942 6.0 6.0
6.0 6.0 6.0 6.0 6.0 6.0 6.0 6.0 6.0 6.0 6.0 6.0 6.0 6.0 6.0 6.0 2.373237741076917 2.3439842782229494 2.3127710112478317 2.279342940486483 2.2433937583506607 2.2045513862083994 2.162358098549608 2.1162426308823545 2.065480090434038 2.0091327223234785 1.9459595202681172 1.8742729267916496 1.7917009669469275 1.6947694752827585 1.5781142093275116 1.4328503445918193 1.2427409621893215 0.973343511622088 0.5300195040742851 0.14 0.14 0.14 0.3980931405499163 0.9038609371329785 1.196878231689642 1.3991434371586906 1.5517269848459665 1.673235107264373 1.7736009983505983 1.8587211418433727 1.9323673674363637 1.9970905695001209 2.0546920361036665 2.1064883721741072 2.1534694570879434 2.196397236618492 2.2358700043874773 2.2723656452328815 2.306271565645045 2.3379059257861945 2.367533028170835 6.0 6.0
6.0 6.0 6.0 6.0 6.0 6.0 6.0 6.0 6.0 6.0 6.0 6.0 6.0 6.0 6.0 6.0 2.3727512435189313 2.343790521900595 2.3129067926545934 2.279852190944119 2.2443294767799307 2.2059782647779302 2.164356159263595 2.118912374260817 2.0689499709864574 2.013570323710902 1.9515888425415937 1.8814022391033307 1.800769948090413 1.7064340079379166 1.5934111766694634 1.4535523014473422 1.2722354077854907 1.0193271420058754 0.6163786580764239 0.135 0.135 0.135 0.2689540269459709 0.837884219984325 1.1527328705531124 1.365800373348933 1.5247451072801204 1.650410183252019 1.753688347938936 1.8409531339460272 1.9162391464036619 1.9822534148406306 2.040895576941396 2.0935471335586344 2.1412424383886615 2.1847748912259624 2.224765631017088 2.2617095177278177 2.2960068225354195 2.327985624928398 2.3579179930924044 2.386031901056069 6.0
6.0 6.0 6.0 6.0 6.0 6.0 6.0 6.0 6.0 6.0 6.0 6.0 6.0 6.0 6.0 6.0 2.3722209251261246 2.343547617268425 2.312987101412222 2.280298387617678 2.2451929541317717 2.2073216307563714 2.1662566840870263 2.121466852700224 2.0722817518902423 2.0178397663577465 1.957009397337591 1.8882661750740257 1.809491525138688 1.7176263068640174 1.608033375333532 1.473220840148321 1.2999754241897787 1.0617827445643284 0.6928486671824007 0.13 0.13 0.13 0.13 0.7662304608142901 1.1061335840338842 1.331117969567413 1.4969296737883435 1.627020824952342 1.733370340579516 1.8228811085113872 1.8998751889328176 1.9672285810220091 2.0269464630862912 2.0804795059476686 2.128909202765291 2.1730621366831757 2.213583452352104 2.2509857861273344 2.285682841050327 2.318013026208678 2.3482564779550317 2.376647559631828 6.0
6.0 6.0 6.0 6.0 6.0 6.0 6.0 6.0 6.0 6.0 6.0 6.0 6.0 6.0 6.0 6.0 2.3716475596318283 2.343256477955032 2.313013026208678 2.2806828410503273 2.2459857861273345 2.208583452352104 2.168062136683176 2.123909202765291 2.0754795059476687 2.0219464630862913 1.9622285810220093 1.8948751889328177 1.8178811085113873 1.728370340579516 1.622020824952342 1.4919296737883436 1.326117969567413 1.1011335840338843 0.7612304608142901 0.125 0.125 0.125 0.125 0.6878486671824007 1.0567827445643285 1.2949754241897788 1.4682208401483212 1.6030333753335322 1.7126263068640175 1.8044915251386882 1.8832661750740258 1.9520093973375912 2.0128397663577466 2.0672817518902424 2.116466852700224 2.1612566840870264 2.2023216307563716 2.2401929541317718 2.275298387617678 2.307987101412222 2.338547617268425 2.3672209251261247 6.0
6.0 6.0 6.0 6.0 6.0 6.0 6.0 6.0 6.0 6.0 6.0 6.0 6.0 6.0 6.0 6.0 2.371031901056069 2.3429179930924042 2.312985624928398 2.2810068225354194 2.2467095177278176 2.209765631017088 2.1697748912259627 2.1262424383886613 2.0785471335586347 2.025895576941396 1.9672534148406307 1.901239146403662 1.8259531339460273 1.7386883479389361 1.6354101832520191 1.5097451072801205 1.350800373348933 1.1377328705531125 0.822884219984325 0.2539540269459709 0.12 0.12 0.12 0.6013786580764239 1.0043271420058755 1.2572354077854908 1.4385523014473423 1.5784111766694635 1.6914340079379167 1.785769948090413 1.8664022391033308 1.9365888425415938 1.998570323710902 2.0539499709864573 2.1039123742608172 2.1493561592635952 2.19097826477793 2.229329476779931 2.2648521909441195 2.2979067926545937 2.3287905219005953 2.3577512435189316 6.0
6.0 6.0 6.0 6.0 6.0 6.0 6.0 6.0 6.0 6.0 6.0 6.0 6.0 6.0 6.0 6.0 6.0 2.342533028170835 2.312905925786194 2.281271565645045 2.2473656452328816 2.210870004387477 2.1713972366184917 2.1284694570879434 2.081488372174107 2.0296920361036666 1.9720905695001207 1.9073673674363636 1.8337211418433725 1.7486009983505981 1.6482351072643728 1.5267269848459664 1.3741434371586905 1.171878231689642 0.8788609371329785 0.37309314054991627 0.11499999999999999 0.11499999999999999 0.11499999999999999 0.5050195040742851 0.948343511622088 1.2177409621893214 1.4078503445918191 1.5531142093275114 1.6697694752827583 1.7667009669469274 1.8492729267916495 1.9209595202681171 1.9841327223234784 2.0404800904340377 2.0912426308823546 2.1373580985496075 2.1795513862083995 2.2183937583506603 2.2543429404864828 2.2877710112478313 2.318984278222949 2.3482377410769173 6.0
6.0 6.0 6.0 6.0 6.0 6.0 6.0 6.0 6.0 6.0 6.0 6.0 6.0 6.0 6.0 6.0 6.0 2.342102425857194 2.3127749284099295 2.281478267685559 2.2479556182727123 2.21189834906553 2.1729313804681203 2.130593045797168 2.084306805116044 2.03334054771565 1.976746387785369 1.9132686651613748 1.8411978487675449 1.7581275340158804 1.6605265676856846 1.5429294918987786 1.3962539511587697 1.2038226559935272 0.9299885694379478 0.4753657956188887 0.10999999999999999 0.10999999999999999 0.10999999999999999 0.3963207829650989 0.8883190870439629 1.176311645466542 1.3760327225385622 1.5270986751306457 1.6476068297429385 1.747268108367336 1.8318671484528362 1.9051136322797637 1.9695212834922038 2.026867854886344 2.0784543567346487 2.1252599443124183 2.16803895697273 2.2073841501512437 2.2437692848458037 2.2775786365123967 2.3091279472167736 2.3386796236714176 6.0
6.0 6.0 6.0 6.0 6.0 6.0 6.0 6.0 6.0 6.0 6.0 6.0 6.0 6.0 6.0 6.0 6.0 2.3416270067784253 2.3125936048746967 2.281628091084203 2.248480841700085 2.2128523832529075 2.1743794528346037 2.132615886340851 2.087005869813772 2.0368456107142228 1.9812269053973743 1.9189513814596313 1.8483952120084952 1.7672858965446294 1.6723131234522088 1.5584018372295003 1.4172267526203992 1.2337828879968438 0.9769303124079749 0.5645485529525618 0.10499999999999998 0.10499999999999998 0.10499999999999998 0.2718357287058084 0.8236249940180236 1.1327386933514418 1.3430073087469698 1.5003165148445783 1.6249180765090712 1.7274537377417407 1.814173127264052 1.8890429493134224 1.9547300452237457 2.0131088155612002 2.065544149638596 2.113059040188962 2.156438865837536 2.196298948185227 2.233129830079169 2.2673285145318705 2.299220563539013 2.3290760760669595 2.357121464656077
6.0 6.0 6.0 6.0 6.0 6.0 6.0 6.0 6.0 6.0 6.0 6.0 6.0 6.0 6.0 6.0 6.0 2.3411075702720083 2.312362900691074 2.28172216471068 2.248942677388373 2.213733769244743 2.1757435097666207 2.134540560576463 2.08958886550227 2.040211527753177 1.9855378701761208 1.9244234194923813 1.855324487994782 1.7760928399506586 1.6836211623929023 1.5731888362096962 1.4371464226666193 1.2619459520569687 1.0202251228840304 0.6433009879488066 0.09999999999999998 0.09999999999999998 0.09999999999999998 0.1265112753516776 0.7534791017851225 1.0867788824877231 1.308670478693391 1.4727148469811588 1.601672872149325 1.7072389493230031 1.7961783422796045 1.8727387792613759 1.9397527433919861 1.999198318533605 2.052508463495792 2.100752626022404 2.1447489249252327 2.18513639069178 2.222423137924354 2.257019456847068 2.289261134545114 2.319426261178787 2.347747580934068
6.0 6.0 6.0 6.0 6.0 6.0 6.0 6.0 6.0 6.0 6.0 6.0 6.0 6.0 6.0 6.0 6.0 2.340544895105043 2.312083735749864 2.2817615851372848 2.2493424459410036 2.214544115793159 2.1770255366407563 2.136369555228989 2.092058960423758 2.043442416291885 1.9896847598554903 1.9296922734957807 1.861996285242512 1.7845640317387896 1.6944751128406075 1.587331411669865 1.4560886945399674 1.2884742819234891 1.0603165827045393 0.7135627996320599 0.09499999999999997 0.09499999999999997 0.09499999999999997 0.09499999999999997 0.6768929382532376 1.038146657498949 1.272905149749555 1.4442353121231088 1.5778382590222677 1.686603443191846 1.777869465475501 1.8561919323921374 1.9245827913185802 1.9851314921383334 2.0393436001907777 2.0883378324733055 2.132966866020177 2.173894655548054 2.2116477239318124 2.2466502390860272 2.279248639266564 2.3097293192977872 2.338331589632636
