learning-packages/demo - Copie/includes/dem_altitude.asc
ncols         65
nrows         65
xllcorner     -100.0
yllcorner     -100.0
cellsize      3.076923076923077
[rows 19 to 37 of 65, columns 0 to 43 of 65]
3.8910572554413694 3.8910572554413694 3.8910572554413694 3.8910572554413694 3.8910572554413694 3.8910572554413694 3.8910572554413694 3.8910572554413694 3.8910572554413694 3.8910572554413694 5.95442017667108 5.734864109666773 5.861610161903751 5.490398005999809 5.696981599396663 5.941430138907945 5.9073578150725155 5.952224073664674 5.438686844421016 5.5712208868114015 5.422931873233106 5.433567320377178 5.40136444843523 5.367020766812486 5.324436824202508 5.269686040846823 5.196684996372575 5.094483534108629 4.941181340712708 4.685677685052842 4.174670373733109 2.641648439773904 0.7076923076923076 0.7076923076923076 0.7076923076923076 0.7076923076923076 3.5176609734648885 4.430174029392979 4.805914699481017 5.010864155892673 5.139906406225939 5.229802803331333 5.3084004817502395 5.372925275986315
3.8910572554413694 3.8910572554413694 3.8910572554413694 3.8910572554413694 3.8910572554413694 3.8910572554413694 3.8910572554413694 3.8910572554413694 3.8910572554413694 3.8910572554413694 5.181169717704196 5.734864109666773 5.490398005999809 5.490398005999809 5.918645771895294 5.576346302213746 5.576346302213746 5.921406669202143 5.438686844421016 5.470914435520665 5.422931873233106 5.381814277132612 5.332443946274819 5.277977439886287 5.213238337945443 5.124521790841323 4.9954795405080565 4.790530084096399 4.41478941400836 3.5022763580802696 0.6923076923076923 0.6923076923076923 0.6923076923076923 0.6923076923076923 2.6262638243893113 4.159285758348495 4.6702930696682285 4.9257967253280945 5.079098918724013 5.18130038098796 5.254301425462208 5.309052208817893 5.3539312082157124 5.395933203125783
3.8910572554413694 3.8910572554413694 3.8910572554413694 3.8910572554413694 3.8910572554413694 3.8910572554413694 3.8910572554413694 3.8910572554413694 3.8910572554413694 3.8910572554413694 5.276809394805893 5.636458044598818 5.8368860682679085 5.82204409705318 5.484281822910687 5.802982317051473 5.576346302213746 5.989602727076414 5.425100452549608 5.425100452549608 5.383357888007933 5.327607087237779 5.252231588672957 5.153562783474569 5.038163937773411 4.870069427470868 4.5819074098093635 3.973565372523965 1.8443682420250613 0.676923076923077 0.676923076923077 0.676923076923077 0.676923076923077 3.7606456594740814 4.497675435416004 4.825244224723522 5.010391801288644 5.129415243366221 5.21237097572332 5.273496252196972 5.320406348095356 5.357543507348244 5.387676873254587 5.415242930198823
3.8910572554413694 3.8910572554413694 3.8910572554413694 3.8910572554413694 3.8910572554413694 3.8910572554413694 3.8910572554413694 3.8910572554413694 3.8910572554413694 3.8910572554413694 5.9994352384442395 5.837596110547871 5.484281822910687 5.484281822910687 5.484281822910687 5.840663673660232 5.576346302213746 5.576346302213746 5.574701772321575 5.397548458603721 5.34817170887723 5.27735328057086 5.169128349137391 4.992004398126475 4.70575945281651 4.26788215793919 3.106501904939791 0.6615384615384615 0.6615384615384615 0.6615384615384615 0.6615384615384615 3.1065019049398 4.267882157939193 4.703399752813964 4.931528016795987 5.071914640784924 5.167015257035495 5.235699035438684 5.287630672767926 5.328272823721245 5.360945925468031 5.387784544760033 5.41022339039761 5.844450325881848
3.8910572554413694 3.8910572554413694 3.8910572554413694 3.8910572554413694 3.8910572554413694 3.8910572554413694 3.8910572554413694 3.8910572554413694 3.8910572554413694 3.8910572554413694 5.618577404989964 5.484281822910687 5.484281822910687 5.846986739462325 5.484281822910687 5.780699682644516 5.813722887171972 5.5693400476017905 5.990699687566511 5.375847939481398 5.322064070440098 5.24167744181726 5.108669996267277 4.847570194269709 4.124618932604143 0.6461538461538461 0.6461538461538461 0.6461538461538461 0.6461538461538461 1.8135990112558802 3.9427961417547386 4.551138179040135 4.839300196701638 5.007394707004181 5.117525593064468 5.1952650420482005 5.253071298984821 5.297739770254029 5.3332922269785 5.362260895420662 5.3863196200590675 5.576751714412087 5.988765761500678 5.517566162940008
3.8910572554413694 3.8910572554413694 3.8910572554413694 3.8910572554413694 3.8910572554413694 3.8910572554413694 3.8910572554413694 3.8910572554413694 3.8910572554413694 3.8910572554413694 5.526443114916698 5.484281822910687 5.484281822910687 5.484281822910687 5.584939987839029 5.847577408081782 5.598539538952506 5.359935897435898 5.359935897435898 5.359935897435898 5.305769230769231 5.22451923076923 5.089102564102564 4.81826923076923 4.005769230769225 0.6307692307692307 0.6307692307692307 0.6307692307692307 3.4407378965418154 4.353250952469903 4.728991622557938 4.933941078969596 5.062983329302861 5.1516998764069815 5.216438978347826 5.265764008397992 5.304594351203445 5.3359573203924615 5.361818014285161 5.591063278150062 5.933212937238773 5.576751714412087 5.576751714412087 5.914459635952764
3.8910572554413694 3.8910572554413694 3.8910572554413694 3.8910572554413694 3.8910572554413694 3.8910572554413694 3.8910572554413694 3.8910572554413694 3.8910572554413694 3.8910572554413694 5.703545060457882 5.642612945868106 5.986077630793919 5.4192660631829215 5.4192660631829215 5.4192660631829215 5.4192660631829215 5.4192660631829215 5.907866267157704 5.346008796310029 5.292894305452673 5.21400472667323 5.08452379049675 4.831732921502528 4.119322290700628 0.6153846153846154 0.6153846153846154 3.3915081868003196 4.593369992745153 4.848873648405018 5.002175841800936 5.104377304064883 5.17737834853913 5.2321291318948155 5.274713074504794 5.308780228592775 5.336653354664761 5.359880959724749 5.359880959724749 5.626068768489569 5.541309408013951 5.681815802638015 5.726733407235152 5.883035438318318
3.8910572554413694 3.8910572554413694 3.8910572554413694 3.8910572554413694 3.8910572554413694 3.8910572554413694 3.8910572554413694 3.8910572554413694 3.8910572554413694 3.8910572554413694 5.176803922074932 5.833663236548707 5.691506828092213 5.741455103855676 5.735243638492511 5.535592161523464 5.844551331388542 5.788404137149647 5.742545485036259 5.3371136490171915 5.287135255294224 5.213692826959535 5.095193694125036 4.871828072056467 4.293913843529852 0.6 0.6 2.7626404187027958 4.558437622055456 4.962143970095977 5.135447898800242 5.196573175273895 5.24348327117228 5.2806204304251665 5.310750578498264 5.3356858734553105 5.3356858734553105 5.5417848719659135 5.472486944159766 5.4702416308843835 5.541309408013951 5.517566162940008 5.517566162940008 5.517566162940008
3.8910572554413694 3.8910572554413694 3.8910572554413694 3.8910572554413694 3.8910572554413694 3.8910572554413694 3.8910572554413694 3.8910572554413694 3.8910572554413694 3.8910572554413694 5.851187222719007 5.691506828092213 5.691506828092213 5.691506828092213 5.691506828092213 5.750449471583265 5.813355528059892 5.969486281998904 5.332118285578434 5.328280718392272 5.280986499531919 5.212292181639732 5.10342574802112 4.9045870552135735 4.425693865493987 1.666356915204955 0.5846153846153845 1.6663569152049604 4.425693865493991 4.904587055213574 5.103425748021121 5.212292181639732 5.280986499531919 5.310861467836956 5.333300313474532 5.892293821320071 5.3356858734553105 5.3356858734553105 5.3356858734553105 5.415600696142051 5.6139291241261935 5.517566162940008 5.794270145578096 5.517566162940008
3.8910572554413694 3.8910572554413694 3.8910572554413694 3.8910572554413694 3.8910572554413694 3.8910572554413694 3.8910572554413694 3.8910572554413694 3.8910572554413694 3.8910572554413694 5.288889335553188 5.691506828092213 5.691506828092213 5.691506828092213 5.691506828092213 5.691506828092213 5.85806024524963 5.402715308550719 5.402715308550719 5.319129164800316 5.274308088737511 5.209914490376537 5.1095468147189305 4.931374739326745 4.5276683912862214 2.731871187933562 0.5692307692307692 0.5692307692307692 4.263144612760627 4.841058841287238 5.064424463355805 5.182923596190304 5.2563660245249935 5.306344418247961 5.519398682811776 5.795865944447637 5.3356858734553105 5.6715553753361805 5.6505033095081405 5.415600696142051 5.801084573913392 5.517566162940008 5.517566162940008 5.517566162940008
3.8910572554413694 3.8910572554413694 3.8910572554413694 3.8910572554413694 3.8910572554413694 3.8910572554413694 3.8910572554413694 3.8910572554413694 3.8910572554413694 3.8910572554413694 5.873604433988253 5.665345903066582 5.702296889445064 5.691506828092213 5.691506828092213 5.7657785395414045 5.741685550357781 5.81022567480924 5.259534664367915 5.951070110923981 5.267144314621 5.206658694531305 5.113827823056747 4.95323719138178 4.608059626747083 3.329969725261856 0.5538461538461539 0.5538461538461539 4.057783829162174 4.770194459964069 5.022985328958288 5.152463578930939 5.231166044600589 5.284064423165436 5.376876821756236 5.855259088069664 5.427847763506355 5.774400659687571 5.735199414140005 5.4879028121264595 5.4879028121264595 5.6320306592883025 5.517566162940008 5.517566162940008
3.8910572554413694 3.8910572554413694 3.8910572554413694 3.8910572554413694 3.8910572554413694 3.8910572554413694 3.8910572554413694 3.8910572554413694 3.8910572554413694 3.8910572554413694 5.878237951917426 5.665345903066582 5.665345903066582 5.78223293413322 5.783059783119906 5.741685550357781 5.741685550357781 5.716462789660094 5.259534664367915 5.259534664367915 5.259534664367915 5.202610812512073 5.1164952417558 4.9709896222020955 4.6723201925918625 3.709940919403337 0.5384615384615384 0.5384615384615384 3.7877503074483707 4.690178777042787 4.978710328545763 5.120779163549766 5.205330251588586 5.261412959816356 5.785936619276102 5.694675802664223 5.906140934315487 5.654480839411488 5.654480839411488 5.4879028121264595 5.66994790845245 5.522857611274619 5.719581223043745 5.6150105376423
3.8910572554413694 3.8910572554413694 3.8910572554413694 3.8910572554413694 3.8910572554413694 3.8910572554413694 3.8910572554413694 3.8910572554413694 3.8910572554413694 3.8910572554413694 5.665345903066582 5.665345903066582 5.665345903066582 5.7451223785170304 5.6055372833628585 5.831419207735082 5.741685550357781 5.748610882829707 5.963583348476941 5.5238722862353145 5.251514454899962 5.197845982928231 5.1177398400344645 4.985276741000981 4.724208691449552 3.970559416329394 0.523076923076923 0.523076923076923 3.4132454395482346 4.598544025800306 4.931109816187577 5.087714870920208 5.178794798149647 5.238359179624954 5.760686018786776 5.694675802664223 5.816544320093239 5.88498895065472 5.961017955536251 5.655655715980111 5.531817452368713 5.522857611274619 5.522857611274619 5.951633470029884
3.8910572554413694 3.8910572554413694 3.8910572554413694 3.8910572554413694 3.8910572554413694 3.8910572554413694 3.8910572554413694 3.8910572554413694 3.8910572554413694 3.8910572554413694 5.727331526538579 5.801608104423273 5.977143007423633 5.881944859047884 5.6055372833628585 5.9756729652585 5.851866837446357 5.249226972242522 5.249226972242522 5.243115369243371 5.243115369243371 5.192430131992618 5.11772345528653 4.996615116030077 4.766400164830873 4.158783654288717 0.5076923076923077 0.5076923076923077 2.8533881832529904 4.491847519326642 4.8795745377868185 5.053087733893308 5.1514869922913595 5.214868721010389 5.730344599629383 5.448901943509597 5.986584047285021 5.65226152795154 5.65226152795154 5.65226152795154 5.65226152795154 5.522857611274619 5.522857611274619 5.4669448029102155
3.8910572554413694 3.8910572554413694 3.8910572554413694 3.8910572554413694 3.8910572554413694 3.8910572554413694 3.8910572554413694 3.8910572554413694 3.8910572554413694 3.8910572554413694 5.006173796247419 5.788454059830331 5.67009001858245 5.6055372833628585 5.6055372833628585 5.724489636613535 5.4946065584372406 5.4946065584372406 5.577371582054206 5.908389814696357 5.234365912189764 5.186421343394611 5.116584277432719 5.005423503801071 4.80085031535291 4.299794245095822 1.1616009629593131 0.49230769230769234 1.9147673506720917 4.365137447682776 4.823336734115667 5.016680941685617 5.123323710883391 5.190903194660736 5.237560237640142 5.448901943509597 5.941775430052982 5.770045695350837 5.958992162699623 5.978398521997678 5.577138638340045 5.7374023609482805 5.4669448029102155 5.4669448029102155
3.8910572554413694 3.8910572554413694 3.8910572554413694 3.8910572554413694 3.8910572554413694 3.8910572554413694 3.8910572554413694 3.8910572554413694 3.8910572554413694 3.8910572554413694 5.1943976309836515 5.901204390341881 5.67009001858245 5.806387463825657 5.6055372833628585 5.749759025748343 5.909515051495565 5.4946065584372406 5.4946065584372406 5.991957469777471 5.225291799071031 5.179870990794488 5.114441015876297 5.012044953433704 4.82902207017017 4.408307130720233 2.4293887118260726 0.4769230769230769 0.4769230769230769 4.211024186805864 4.761415008595955 4.97823563536175 5.094209458980663 5.166419575573571 5.215705845629048 5.484445639235697 5.484445639235697 5.63769056070589 5.626990252889637 5.626990252889637 5.4669448029102155 5.4669448029102155 5.4669448029102155 5.4669448029102155
3.8910572554413694 3.8910572554413694 3.8910572554413694 3.8910572554413694 3.8910572554413694 3.8910572554413694 3.8910572554413694 3.8910572554413694 3.8910572554413694 3.8910572554413694 5.075557225448344 5.137272118688542 5.901299911124502 5.826327036338833 5.6055372833628585 5.6055372833628585 5.6055372833628585 5.4946065584372406 5.716163950265751 5.791402858859745 5.675460064767058 5.172824679581904 5.111396215335827 5.016763175821602 4.85203158851906 4.493498133801767 3.1105833798921987 0.46153846153846156 0.46153846153846156 4.017969551755675 4.692534462869125 4.937440194929423 5.064033979134505 5.141369481547726 5.193514266562504 5.193514266562504 5.702285890932116 5.4669448029102155 5.980112968772122 5.4669448029102155 5.4669448029102155 5.6211807803891904 5.617887021076214 5.757027984101507
3.8910572554413694 3.8910572554413694 3.8910572554413694 3.8910572554413694 3.8910572554413694 3.8910572554413694 3.8910572554413694 3.8910572554413694 3.8910572554413694 3.8910572554413694 5.8299058492229365 5.617537310125192 5.389457035815857 5.971560491778998 5.746202836291768 5.9593806727558665 5.6055372833628585 5.778008749513654 5.372137486670445 5.568300003178471 5.171651843993235 5.165323034353099 5.107538916698624 5.019814841710224 4.870745259736929 4.561385804674072 3.5325857564417733 0.4461538461538461 0.4461538461538461 3.7669002164065235 4.6150081102183 4.8939160752973425 5.032669284055259 5.115698312589111 5.170958435258799 5.343021696248199 5.922241231995218 5.4669448029102155 5.624346259463607 5.4669448029102155 5.4669448029102155 5.4669448029102155 5.5257709205818095 5.5257709205818095
3.8910572554413694 3.8910572554413694 3.8910572554413694 3.8910572554413694 3.8910572554413694 3.8910572554413694 3.8910572554413694 3.8910572554413694 3.8910572554413694 3.8910572554413694 5.616226392388816 5.389457035815857 5.389457035815857 5.389457035815857 5.7022924183505825 5.625895946119518 5.625895946119518 5.716364982274609 5.372137486670445 5.157402360810364 5.157402360810364 5.157402360810364 5.102946809025728 5.02139894292038 4.88584586747374 4.616081826238349 3.817368684541405 0.4307692307692308 0.4307692307692308 3.4238563561931628 4.526555737828362 4.847198820431507 4.999965943556566 5.089344218911891 5.148008310296314 5.249839662042801 5.820364143015315 5.4669448029102155 5.4669448029102155 5.776917142232979 5.4669448029102155 5.721777448483418 5.5257709205818095 5.919513541247541
