learning-packages/demoCTU/includes/dem.asc
ncols         65
nrows         65
xllcorner     -100.0
yllcorner     -100.0
cellsize      3.076923076923077
[rows 19 to 37 of 65, columns 0 to 43 of 65]
53.13820319744783 51.71611173529726 50.300869920836355 48.89307256021755 47.49338166287117 46.10253558083599 44.721359549995796 43.350777857247294 41.99182788909594 40.64567634960895 39.313637966709656 37.99719703147221 36.69803212885096 35.41804440991181 34.15938970949926 32.92451470620414 31.71619712013585 30.537589601968012 29.392266422373538 28.2842712474619 27.218163096852514 26.199055947579083 25.232645333625733 24.32521277052599 23.48359618842115 22.715112400359075 22.02741702042516 21.42828965720634 20.925339244208374 20.52563702173282 20.235302212255238 20.059084323700457 20.0 20.059084323700457 20.235302212255238 20.525637021732823 20.925339244208377 21.42828965720634 22.02741702042516 22.71511240035908 23.48359618842115 24.325212770525994 25.232645333625733 26.199055947579076
52.578484586569424 51.14083119567588 49.7092136043185 48.28416869684681 46.866296036085586 45.45626677752048 44.05483404085032 42.662844996498606 41.281254969226886 39.91114391099338 38.55373564966667 37.210420376762535 35.882780891355694 34.57262316037574 33.282011773513744 32.01331084105355 30.769230769230766 29.552881095843915 28.36782909936273 27.218163096852507 26.108558074580216 25.044339378614932 24.031537464328167 23.07692307692307 22.188007849009164 21.372990752999694 20.64062748461344 20.0 19.460170216420792 19.029718272081507 18.716192400917596 18.525530121218914 18.46153846153846 18.525530121218914 18.716192400917596 19.02971827208151 19.460170216420796 20.0 20.640627484613443 21.3729907529997 22.188007849009164 23.076923076923077 24.031537464328167 25.04433937861493
52.058228663657324 50.60579754891854 49.15860094975525 47.71711513621791 46.281873712281 44.85347611419462 43.43259757997878 42.020000873069726 40.616550099827954 39.22322702763681 37.841150388457976 36.471598741937534 35.116037570810235 33.776151384769456 32.45388170727536 31.151471894333206 29.871519752227073 28.61703882728965 27.391528945792086 26.199055947579073 25.044339378614932 23.93284490169853 22.870874995874622 21.865646774695218 20.92533924420837 20.059084323700453 19.27686782483333 18.589301497837802 18.007230631876343 17.541160386140582 17.200522903844533 16.992863103365014 16.92307692307692 16.992863103365014 17.200522903844533 17.541160386140582 18.007230631876347 18.589301497837802 19.27686782483333 20.059084323700457 20.92533924420837 21.86564677469522 22.870874995874622 23.932844901698527
51.57862958227757 50.1122999227764 48.65042554105199 47.19342046208605 45.74174999174925 44.29593861196298 42.85657931441268 41.42434467026541 40.0 38.58441908918294 37.178602995675604 35.78370261419387 34.401045807689066 33.03217008243675 31.678861972267693 30.34320449740926 29.027634252481857 27.735009811261456 26.46869312936193 25.23264533362573 24.03153746432817 22.870874995874626 21.757131728816848 20.697883149344165 19.701920730562613 18.779316331898006 17.941390445677847 17.200522903844536 16.569737868106166 16.06201001370854 15.689290811054725 15.461347109416756 15.384615384615387 15.461347109416756 15.689290811054725 16.06201001370854 16.56973786810617 17.200522903844536 17.94139044567785 18.77931633189801 19.701920730562613 20.69788314934417 21.757131728816848 22.870874995874622
51.14083119567588 49.66157658944299 48.18603004112561 46.71454292519685 45.24751129185459 43.785382986946786 42.32866612983878 40.87793924795822 39.43386343992706 37.99719703147221 36.568813304629884 35.149722027064186 33.74109569147893 32.344301602505595 30.96094122692016 29.59289855641745 28.242399616439716 26.912085668516767 25.605103041681904 24.32521277052599 23.076923076923077 21.86564677469522 20.697883149344165 19.58141855593515 18.52553012121891 17.54116038614058 16.641005886756865 15.839430986133841 15.152088925840156 14.595127662315589 14.18391454968136 13.931361750980635 13.84615384615384 13.931361750980635 14.18391454968136 14.595127662315592 15.152088925840157 15.839430986133841 16.64100588675687 17.541160386140582 18.52553012121891 19.58141855593516 20.697883149344165 21.865646774695218
50.74591539221736 49.25480182640653 47.76669137310776 46.28187371228099 44.800676241726265 43.32347027793453 41.85067848841675 40.38278384125134 38.920340432841584 37.46398665195668 36.01446126375269 34.57262316037574 33.139475736212326 31.71619712013585 30.30417785168032 28.905068043162977 27.520836646151256 26.153846153846153 24.806946917841692 23.48359618842115 22.188007849009168 20.925339244208377 19.701920730562613 18.52553012121891 17.405705383053476 16.35407048113023 15.384615384615381 14.513817126240928 13.760418323075628 13.144621146642354 12.686478848054339 12.403473458920846 12.307692307692307 12.403473458920846 12.686478848054339 13.144621146642358 13.760418323075632 14.513817126240928 15.384615384615385 16.354070481130233 17.405705383053476 18.525530121218914 19.701920730562613 20.92533924420837
50.39489032048985 48.89307256021755 47.39360554076727 45.89671966208091 44.402675968190195 42.91177132609647 41.42434467026541 39.94078457152975 38.46153846153846 36.98712393898864 35.51814270958521 34.05529787873639 32.59941553910321 31.15147189433321 29.71262756281225 28.2842712474619 26.86807568703535 25.466069780379765 24.08073206538235 22.715112400359075 21.3729907529997 20.059084323700457 18.779316331898006 17.54116038614058 16.35407048113023 15.229992210171789 14.183914549681361 13.234346564680964 12.403473458920843 11.716574009021393 11.200169060431564 10.87856586440842 10.769230769230766 10.878565864408422 11.200169060431564 11.716574009021397 12.403473458920846 13.234346564680964 14.183914549681365 15.229992210171794 16.35407048113023 17.541160386140582 18.779316331898006 20.059084323700453
50.088678757229864 48.57739508875983 47.06787243316417 45.56028583064876 44.05483404085032 42.5517436490441 41.05127404346564 39.55372348363828 38.05943654416301 36.568813304629884 35.082320772281165 33.600507181294695 32.124020027417075 30.65362899257119 29.190255324631188 27.735009811261452 26.28924229328471 24.854606802159246 23.433148018042793 22.027417020425155 20.640627484613443 19.276867824833335 17.941390445677847 16.641005886756865 15.384615384615381 14.183914549681361 13.054279037290103 12.01576873216408 11.094003924504579 10.320313742306718 9.730085108210394 9.358096200458796 9.230769230769226 9.358096200458798 9.730085108210394 10.32031374230672 11.094003924504582 12.01576873216408 13.054279037290108 14.183914549681365 15.384615384615381 16.641005886756872 17.941390445677847 19.27686782483333
49.82810689446661 48.30867220956179 46.790481002293994 45.27365836788357 43.758346625624284 42.24470836229533 40.732930138073 39.2232270276368 37.715848221942345 36.21108398750714 34.70927437747224 33.21082022295831 31.716197120135845 30.225973391366924 28.740833372722157 27.261607917952848 25.789314791138782 24.325212770525994 22.870874995874626 21.428289657206335 20.000000000000004 18.589301497837805 17.200522903844536 15.839430986133841 14.513817126240928 13.234346564680964 12.01576873216408 10.878565864408424 9.850960365281306 8.970695222838923 8.284868934053085 7.844645405527363 7.692307692307693 7.8446454055273644 8.284868934053085 8.970695222838927 9.850960365281312 10.878565864408424 12.015768732164087 13.234346564680969 14.513817126240928 15.839430986133848 17.200522903844536 18.589301497837802
49.613893835683385 48.08769110180856 46.56229523206632 45.03778821016753 43.514263457633696 41.99182788909594 40.470604424510476 38.95073508052973 37.43238480183519 35.91574624593463 34.40104580768907 32.88855127143377 31.37858162210944 29.871519752227073 28.367829099362726 26.86807568703535 25.372957696108678 23.88334568655388 22.400338120863132 20.92533924420837 19.460170216420796 18.007230631876347 16.569737868106166 15.152088925840152 13.760418323075625 12.403473458920839 11.094003924504575 9.850960365281303 8.702852691526733 7.692307692307685 6.88020916153781 6.343239424027163 6.153846153846146 6.343239424027165 6.88020916153781 7.692307692307689 8.702852691526738 9.850960365281303 11.09400392450458 12.403473458920846 13.760418323075625 15.15208892584016 16.569737868106166 18.00723063187634
49.446642092271375 47.91511231506903 46.38404132825026 44.85347611419462 43.32347027793453 41.794085252941926 40.265391779392004 38.737471729274375 37.210420376762535 35.6843492453637 34.15938970949926 32.63569759322527 31.11345910177951 29.592898556417452 28.074288601376395 26.55796384866472 25.044339378614932 23.533936216582084 22.02741702042516 20.52563702173282 19.029718272081514 17.541160386140586 16.06201001370854 14.595127662315589 13.144621146642354 11.716574009021393 10.320313742306718 8.970695222838923 7.692307692307691 6.527139518645051 5.547001962252291 4.865042554105197 4.615384615384613 4.8650425541052 5.547001962252291 6.527139518645056 7.692307692307696 8.970695222838923 10.320313742306723 11.7165740090214 13.144621146642354 14.595127662315596 16.06201001370854 17.541160386140582
49.32682935963507 47.791460206181746 46.256296548839714 44.72135954999579 43.18667337728677 41.65226575594118 40.118168647400914 38.58441908918293 37.05106024243783 35.51814270958522 33.98572620673003 32.453881707275364 30.922694218833502 29.392266422373538 27.862723501961277 26.334219644036445 24.80694691784169 23.28114761603316 21.757131728816848 20.235302212255235 18.7161924009176 17.20052290384454 15.689290811054724 14.183914549681358 12.686478848054339 11.200169060431563 9.730085108210393 8.284868934053083 6.880209161537812 5.5470019622522875 4.351426345763369 3.440104580768905 3.076923076923073 3.440104580768908 4.351426345763369 5.547001962252293 6.8802091615378185 8.284868934053083 9.7300851082104 11.20016906043157 12.686478848054339 14.183914549681365 15.689290811054724 17.200522903844533
49.25480182640653 47.71711513621791 46.17948006093426 44.64190193399048 43.104386849605845 41.566941803403985 40.029574865408264 38.4922953944517 36.95511430604404 35.41804440991181 33.881100839300366 32.344301602505595 30.807668299231974 29.271227062216074 27.735009811261452 26.199055947579076 24.66341467981753 23.128148274419857 21.593336688643387 20.059084323700453 18.525530121218917 16.992863103365018 15.461347109416756 13.931361750980633 12.403473458920844 10.87856586440842 9.358096200458794 7.844645405527361 6.343239424027168 4.865042554105195 3.440104580768908 2.175713172881682 1.538461538461533 2.175713172881687 3.440104580768908 4.865042554105202 6.343239424027175 7.844645405527361 9.358096200458801 10.878565864408428 12.403473458920844 13.93136175098064 15.461347109416756 16.992863103365014
49.23076923076923 47.69230769230769 46.15384615384615 44.61538461538461 43.07692307692308 41.53846153846154 40.0 38.46153846153846 36.92307692307692 35.38461538461539 33.84615384615385 32.30769230769231 30.769230769230766 29.23076923076923 27.69230769230769 26.153846153846153 24.615384615384613 23.076923076923077 21.53846153846154 19.999999999999996 18.461538461538463 16.923076923076927 15.384615384615387 13.84615384615384 12.307692307692307 10.769230769230766 9.230769230769226 7.692307692307693 6.153846153846153 4.615384615384613 3.07692307692308 1.53846153846154 0.0 1.5384615384615472 3.07692307692308 4.61538461538462 6.15384615384616 7.692307692307693 9.230769230769234 10.769230769230774 12.307692307692307 13.846153846153847 15.384615384615387 16.92307692307692
49.25480182640653 47.71711513621791 46.17948006093426 44.64190193399049 43.10438684960585 41.56694180340399 40.02957486540827 38.4922953944517 36.95511430604404 35.418044409911815 33.88110083930037 32.344301602505595 30.807668299231974 29.271227062216074 27.735009811261452 26.199055947579076 24.66341467981753 23.128148274419857 21.593336688643387 20.059084323700457 18.52553012121892 16.99286310336502 15.461347109416756 13.931361750980635 12.403473458920846 10.878565864408422 9.358096200458798 7.8446454055273644 6.343239424027172 4.8650425541052 3.440104580768914 2.175713172881692 1.5384615384615472 2.175713172881697 3.440104580768914 4.865042554105206 6.343239424027178 7.8446454055273644 9.358096200458803 10.87856586440843 12.403473458920846 13.931361750980642 15.461347109416756 16.992863103365014
49.32682935963507 47.791460206181746 46.256296548839714 44.72135954999579 43.18667337728677 41.65226575594118 40.118168647400914 38.58441908918293 37.05106024243783 35.51814270958522 33.98572620673003 32.453881707275364 30.922694218833506 29.392266422373538 27.86272350196128 26.334219644036445 24.806946917841692 23.281147616033163 21.757131728816848 20.235302212255238 18.716192400917603 17.20052290384454 15.689290811054725 14.18391454968136 12.686478848054339 11.200169060431564 9.730085108210394 8.284868934053085 6.880209161537816 5.547001962252291 4.351426345763374 3.440104580768911 3.07692307692308 3.440104580768914 4.351426345763374 5.547001962252297 6.880209161537822 8.284868934053085 9.730085108210401 11.200169060431572 12.686478848054339 14.183914549681367 15.689290811054725 17.200522903844533
49.446642092271375 47.91511231506903 46.38404132825026 44.85347611419462 43.32347027793453 41.794085252941926 40.265391779392004 38.737471729274375 37.210420376762535 35.6843492453637 34.15938970949926 32.63569759322527 31.11345910177951 29.592898556417452 28.074288601376395 26.55796384866472 25.044339378614932 23.533936216582084 22.02741702042516 20.52563702173282 19.029718272081514 17.541160386140586 16.06201001370854 14.595127662315589 13.144621146642354 11.716574009021393 10.320313742306718 8.970695222838923 7.692307692307691 6.527139518645051 5.547001962252291 4.865042554105197 4.615384615384613 4.8650425541052 5.547001962252291 6.527139518645056 7.692307692307696 8.970695222838923 10.320313742306723 11.7165740090214 13.144621146642354 14.595127662315596 16.06201001370854 17.541160386140582
49.613893835683385 48.087691101808566 46.562295232066326 45.03778821016753 43.514263457633696 41.991827889095944 40.470604424510476 38.95073508052973 37.43238480183519 35.91574624593463 34.40104580768907 32.88855127143377 31.378581622109444 29.871519752227076 28.36782909936273 26.868075687035358 25.372957696108678 23.88334568655388 22.400338120863136 20.925339244208374 19.4601702164208 18.00723063187635 16.56973786810617 15.152088925840157 13.760418323075632 12.403473458920846 11.094003924504582 9.850960365281312 8.702852691526743 7.692307692307696 6.880209161537822 6.3432394240271766 6.15384615384616 6.343239424027178 6.880209161537822 7.6923076923077005 8.702852691526749 9.850960365281312 11.09400392450459 12.403473458920853 13.760418323075632 15.152088925840165 16.56973786810617 18.007230631876347
49.82810689446661 48.30867220956179 46.790481002293994 45.27365836788358 43.758346625624284 42.24470836229533 40.732930138073 39.2232270276368 37.715848221942345 36.21108398750714 34.70927437747224 33.21082022295831 31.71619712013585 30.225973391366924 28.74083337272216 27.261607917952848 25.789314791138786 24.325212770525997 22.870874995874626 21.42828965720634 20.000000000000007 18.58930149783781 17.20052290384454 15.839430986133845 14.513817126240934 13.234346564680967 12.015768732164085 10.87856586440843 9.850960365281312 8.97069522283893 8.284868934053092 7.84464540552737 7.6923076923077005 7.8446454055273716 8.284868934053092 8.970695222838934 9.850960365281317 10.87856586440843 12.01576873216409 13.234346564680973 14.513817126240934 15.839430986133852 17.20052290384454 18.589301497837802
