learning-packages/demoCTU/includes/dem.asc
ncols         65
nrows         65
xllcorner     -100.0
yllcorner     -100.0
cellsize      3.076923076923077
[rows 0 to 18 of 65, columns 0 to 43 of 65]
69.6228215322139 68.54359818444757 67.48219138295788 66.4394550205821 65.41628192452093 64.41360435525637 63.4323942402717 62.47366308999062 61.53846153846153 60.62787844688626 59.74303950445415 58.885105258475804 58.05526850496371 57.25475097208737 56.484799232879446 55.74667979074904 55.04167329230251 54.37106783714551 53.736151374070715 53.13820319744783 52.578484586569424 52.058228663657324 51.57862958227757 51.14083119567588 50.74591539221736 50.39489032048985 50.088678757229864 49.82810689446661 49.613893835683385 49.446642092271375 49.32682935963507 49.25480182640653 49.23076923076923 49.25480182640653 49.32682935963507 49.44664209227138 49.613893835683385 49.82810689446661 50.088678757229864 50.39489032048985 50.74591539221736 51.14083119567589 51.57862958227757 52.058228663657324
68.54359818444757 67.44710835933222 66.36816803114766 65.30764700551114 64.2664571514013 63.245553203367585 62.24593330505818 61.268639236122695 60.314756258192794 59.38541250959625 58.48177787307142 57.60506223645863 56.756513063682206 55.93741219291643 55.149071781338215 54.39282932204211 53.67004166926895 52.98207802376174 52.330311851369075 51.71611173529726 51.14083119567588 50.605797548918545 50.1122999227764 49.66157658944299 49.25480182640653 48.89307256021755 48.57739508875983 48.30867220956179 48.08769110180856 47.91511231506903 47.791460206181746 47.71711513621791 47.69230769230769 47.71711513621791 47.791460206181746 47.91511231506904 48.087691101808566 48.30867220956179 48.57739508875983 48.89307256021755 49.25480182640653 49.661576589442994 50.1122999227764 50.60579754891854
67.48219138295788 66.36816803114766 65.27139518645053 64.19275706161558 63.13318316517905 62.09364944803251 61.075179203936024 60.07884366082041 59.10576219168783 58.1571020659563 57.2340776545793 56.33794899569401 55.47001962252291 54.63163355250678 53.82417133703354 53.049045075589746 52.30769230769231 51.60156871153361 50.93213956075954 50.300869920836355 49.7092136043185 49.158600949755254 48.65042554105199 48.18603004112561 47.76669137310776 47.39360554076727 47.06787243316417 46.790481002293994 46.56229523206632 46.38404132825026 46.256296548839714 46.17948006093426 46.15384615384615 46.17948006093426 46.256296548839714 46.38404132825026 46.562295232066326 46.790481002293994 47.06787243316417 47.39360554076727 47.76669137310776 48.18603004112562 48.65042554105199 49.15860094975525
66.4394550205821 65.30764700551114 64.19275706161558 63.095682013568855 62.01736729460423 60.958808480489076 59.92105259738599 58.90519913562045 57.91240069144219 56.9438631486823 56.00084530215783 55.08465781528663 54.19666139633396 53.33826407187605 52.51091743346465 51.71611173529726 50.955369728243674 50.230239130198484 49.54228365570652 48.89307256021755 48.28416869684682 47.71711513621791 47.19342046208605 46.71454292519685 46.28187371228099 45.89671966208091 45.56028583064876 45.27365836788357 45.03778821016753 44.85347611419462 44.72135954999579 44.64190193399049 44.61538461538461 44.64190193399049 44.72135954999579 44.85347611419462 45.03778821016753 45.27365836788357 45.56028583064876 45.89671966208091 46.28187371228099 46.71454292519685 47.19342046208605 47.71711513621791
65.41628192452093 64.2664571514013 63.13318316517905 62.01736729460423 60.919968840687176 59.842001042389924 58.784532844747076 57.74869039730295 56.73565819872546 55.74667979074905 54.78305789158417 53.84615384615385 52.937386258723855 52.058228663657324 51.21020608336381 50.39489032048985 49.613893835683385 48.86886207467259 48.161464130764706 47.49338166287117 46.86629603608559 46.281873712281 45.74174999174925 45.24751129185459 44.800676241726265 44.402675968190195 44.05483404085032 43.758346625624284 43.514263457633696 43.32347027793453 43.18667337728677 43.10438684960585 43.07692307692308 43.10438684960585 43.18667337728677 43.32347027793453 43.514263457633696 43.758346625624284 44.05483404085032 44.402675968190195 44.800676241726265 45.24751129185459 45.74174999174925 46.281873712281
64.41360435525637 63.245553203367585 62.09364944803251 60.958808480489076 59.842001042389924 58.74425566780549 57.66666096612712 56.610367670689534 55.57659036365675 54.56660877220985 53.58176851467076 52.623481158421754 51.69322343511213 50.79253544375132 49.923017660270624 49.08632656475021 48.28416869684682 47.518292958401545 46.790481002294 46.10253558083599 45.45626677752048 44.85347611419462 44.29593861196298 43.785382986946786 43.32347027793453 42.91177132609647 42.5517436490441 42.24470836229533 41.991827889095944 41.794085252941926 41.65226575594118 41.56694180340399 41.53846153846154 41.56694180340399 41.65226575594118 41.794085252941926 41.991827889095944 42.24470836229533 42.5517436490441 42.91177132609648 43.32347027793453 43.78538298694679 44.29593861196298 44.85347611419462
63.4323942402717 62.24593330505818 61.075179203936024 59.92105259738599 58.784532844747076 57.66666096612712 56.568542494923804 55.491350144219794 54.43632619370502 53.40478448526087 52.39811189515815 51.41776912944124 50.46529066725146 49.54228365570652 48.65042554105199 47.791460206181746 46.9671923768423 46.17948006093426 45.43022480071816 44.721359549995796 44.05483404085032 43.43259757997878 42.85657931441268 42.32866612983878 41.85067848841675 41.42434467026541 41.05127404346564 40.732930138073 40.470604424510476 40.265391779392004 40.118168647400914 40.02957486540827 40.0 40.02957486540827 40.118168647400914 40.265391779392004 40.470604424510476 40.732930138073 41.05127404346564 41.42434467026542 41.85067848841675 42.32866612983878 42.85657931441268 43.43259757997878
62.47366308999062 61.268639236122695 60.07884366082041 58.90519913562045 57.74869039730295 56.610367670689534 55.491350144219794 54.39282932204211 53.316072157426014 52.26242385065547 51.23331017029758 50.230239130198484 49.25480182640652 48.30867220956179 47.39360554076727 46.51143525486454 45.66406793740256 44.85347611419462 44.08168855967509 43.35077785724729 42.662844996498606 42.02000087306973 41.42434467026541 40.87793924795822 40.38278384125134 39.94078457152975 39.55372348363828 39.2232270276368 38.95073508052973 38.737471729274375 38.58441908918293 38.4922953944517 38.46153846153846 38.4922953944517 38.58441908918293 38.737471729274375 38.95073508052973 39.2232270276368 39.55372348363828 39.940784571529754 40.38278384125134 40.877939247958224 41.42434467026541 42.020000873069726
61.53846153846153 60.314756258192794 59.10576219168783 57.91240069144219 56.73565819872546 55.57659036365675 54.43632619370502 53.316072157426014 52.217116149160425 51.14083119567588 50.088678757229864 49.06221144339069 48.06307492865633 47.09300881542759 46.153846153846146 45.24751129185459 44.37601569801833 43.54145137872278 42.745981505999396 41.99182788909594 41.281254969226886 40.616550099827954 40.0 39.43386343992706 38.920340432841584 38.46153846153846 38.05943654416301 37.715848221942345 37.43238480183519 37.210420376762535 37.05106024243783 36.95511430604404 36.92307692307692 36.95511430604404 37.05106024243783 37.210420376762535 37.43238480183519 37.715848221942345 38.05943654416301 38.46153846153846 38.920340432841584 39.433863439927066 40.0 40.616550099827954
60.62787844688626 59.38541250959625 58.1571020659563 56.9438631486823 55.74667979074905 54.56660877220985 53.40478448526087 52.26242385065547 51.14083119567588 50.041402976278754 48.965632193352455 47.91511231506904 46.89154047424052 45.89671966208092 44.932559589262254 44.001075834077206 43.104386849605845 42.24470836229533 41.42434467026542 40.64567634960894 39.91114391099338 39.22322702763681 38.58441908918294 37.99719703147221 37.46398665195668 36.98712393898864 36.568813304629884 36.21108398750714 35.91574624593463 35.6843492453637 35.51814270958522 35.418044409911815 35.38461538461539 35.418044409911815 35.51814270958522 35.6843492453637 35.91574624593463 36.21108398750714 36.568813304629884 36.987123938988645 37.46398665195668 37.99719703147221 38.58441908918294 39.22322702763681
59.74303950445415 58.48177787307142 57.2340776545793 56.00084530215783 54.78305789158417 53.58176851467076 52.39811189515815 51.23331017029758 50.088678757229864 48.965632193352455 47.86568980339706 46.790481002293994 45.741749991749245 44.721359549995796 43.73129354939044 42.7736577675626 41.85067848841675 40.96469832521338 40.118168647400914 39.31363796670965 38.55373564966667 37.84115038845798 37.178602995675604 36.568813304629884 36.01446126375269 35.51814270958521 35.082320772281165 34.70927437747224 34.40104580768907 34.15938970949926 33.98572620673003 33.88110083930037 33.84615384615385 33.88110083930037 33.98572620673003 34.15938970949926 34.40104580768907 34.70927437747224 35.082320772281165 35.51814270958522 36.01446126375269 36.568813304629884 37.178602995675604 37.841150388457976
58.885105258475804 57.60506223645863 56.33794899569401 55.08465781528663 53.84615384615385 52.623481158421754 51.41776912944124 50.230239130198484 49.06221144339069 47.91511231506904 46.790481002293994 45.689976630515375 44.61538461538461 43.56862233386553 42.55174364904409 41.566941803403985 40.616550099827954 39.70303969404289 38.82901373576604 37.99719703147221 37.21042037676254 36.471598741937534 35.78370261419387 35.149722027064186 34.57262316037574 34.05529787873639 33.600507181294695 33.21082022295831 32.88855127143377 32.63569759322527 32.453881707275364 32.344301602505595 32.30769230769231 32.344301602505595 32.453881707275364 32.63569759322527 32.88855127143377 33.21082022295831 33.600507181294695 34.0552978787364 34.57262316037574 35.14972202706419 35.78370261419387 36.471598741937534
58.05526850496371 56.756513063682206 55.47001962252291 54.19666139633396 52.937386258723855 51.69322343511213 50.46529066725146 49.25480182640652 48.06307492865633 46.89154047424052 45.741749991749245 44.61538461538461 43.51426345763369 42.44035145887299 41.395766298688336 40.38278384125134 39.40384146112522 38.46153846153846 37.558632663796004 36.69803212885096 35.882780891355694 35.116037570810235 34.401045807689066 33.74109569147893 33.139475736212326 32.59941553910321 32.124020027417075 31.716197120135845 31.378581622109444 31.11345910177951 30.922694218833506 30.807668299231974 30.769230769230766 30.807668299231974 30.922694218833506 31.11345910177951 31.378581622109444 31.716197120135845 32.124020027417075 32.59941553910321 33.139475736212326 33.74109569147893 34.401045807689066 35.116037570810235
57.25475097208737 55.93741219291643 54.63163355250678 53.33826407187605 52.058228663657324 50.79253544375132 49.54228365570652 48.30867220956179 47.09300881542759 45.89671966208092 44.721359549995796 43.56862233386553 42.44035145887299 41.33855028475201 40.265391779392 39.2232270276368 38.214591841151446 37.242210575108324 36.30899606524907 35.41804440991181 34.57262316037574 33.77615138476946 33.03217008243675 32.344301602505595 31.71619712013585 31.15147189433321 30.65362899257119 30.225973391366924 29.871519752227073 29.592898556417452 29.392266422373538 29.271227062216074 29.23076923076923 29.271227062216074 29.392266422373538 29.592898556417452 29.871519752227076 30.225973391366924 30.653628992571193 31.15147189433321 31.71619712013585 32.344301602505595 33.03217008243675 33.776151384769456
56.484799232879446 55.149071781338215 53.82417133703354 52.510917433464655 51.210206083363815 49.923017660270624 48.65042554105199 47.39360554076727 46.15384615384615 44.93255958926226 43.73129354939045 42.5517436490441 41.395766298688336 40.265391779392004 39.162837111870324 38.09051816350753 37.05106024243783 36.04730619649225 35.08232077228117 34.15938970949926 33.28201177351375 32.453881707275364 31.678861972267697 30.960941226920163 30.304177851680322 29.712627562812255 29.19025532463119 28.74083337272216 28.36782909936273 28.0742886013764 27.862723501961284 27.735009811261456 27.692307692307693 27.735009811261456 27.862723501961284 28.0742886013764 28.367829099362734 28.74083337272216 29.190255324631195 29.71262756281226 30.304177851680322 30.960941226920166 31.678861972267697 32.453881707275364
55.74667979074904 54.39282932204211 53.049045075589746 51.71611173529726 50.39489032048985 49.08632656475021 47.791460206181746 46.51143525486454 45.24751129185459 44.001075834077206 42.7736577675626 41.566941803403985 40.38278384125134 39.2232270276368 38.090518163507525 36.98712393898864 35.91574624593462 34.87933553462965 33.88110083930037 32.92451470620414 32.01331084105356 31.15147189433321 30.34320449740926 29.59289855641745 28.905068043162977 28.2842712474619 27.735009811261452 27.261607917952848 26.868075687035354 26.55796384866472 26.334219644036445 26.199055947579076 26.153846153846153 26.199055947579076 26.334219644036445 26.55796384866472 26.868075687035358 27.261607917952848 27.735009811261456 28.284271247461902 28.905068043162977 29.592898556417452 30.34320449740926 31.151471894333206
55.04167329230251 53.67004166926895 52.30769230769231 50.955369728243674 49.613893835683385 48.28416869684682 46.9671923768423 45.66406793740256 44.37601569801833 43.104386849605845 41.85067848841675 40.616550099827954 39.40384146112522 38.214591841151446 37.05106024243783 35.91574624593462 34.81141076610695 33.74109569147893 32.70814096226046 31.716197120135845 30.76923076923077 29.871519752227076 29.027634252481857 28.242399616439716 27.520836646151256 26.86807568703535 26.28924229328471 25.789314791138782 25.372957696108678 25.044339378614932 24.806946917841692 24.66341467981753 24.615384615384613 24.66341467981753 24.806946917841692 25.044339378614932 25.372957696108678 25.789314791138782 26.28924229328471 26.868075687035354 27.520836646151256 28.24239961643972 29.027634252481857 29.871519752227073
54.37106783714551 52.98207802376173 51.6015687115336 50.230239130198484 48.86886207467259 47.51829295840154 46.17948006093426 44.85347611419462 43.54145137872278 42.24470836229533 40.96469832521338 39.70303969404289 38.46153846153846 37.24221057510832 36.047306196492244 34.87933553462964 33.74109569147893 32.63569759322527 31.566591582589524 30.53758960196801 29.552881095843915 28.61703882728965 27.735009811261456 26.912085668516767 26.15384615384615 25.46606978037976 24.854606802159243 24.325212770525994 23.88334568655388 23.53393621658208 23.28114761603316 23.128148274419857 23.076923076923073 23.128148274419857 23.28114761603316 23.53393621658208 23.88334568655388 24.325212770525994 24.85460680215925 25.466069780379765 26.15384615384615 26.91208566851677 27.735009811261456 28.617038827289647
53.73615137407071 52.33031185136907 50.93213956075953 49.54228365570652 48.161464130764706 46.790481002293994 45.43022480071815 44.08168855967509 42.745981505999396 41.42434467026542 40.118168647400914 38.82901373576604 37.558632663796004 36.30899606524906 35.082320772281165 33.881100839300366 32.70814096226046 31.566591582589524 30.459984420343584 29.392266422373535 28.36782909936273 27.391528945792086 26.468693129361927 25.6051030416819 24.80694691784169 24.08073206538235 23.433148018042793 22.870874995874622 22.400338120863132 22.02741702042516 21.757131728816844 21.593336688643383 21.538461538461537 21.593336688643383 21.757131728816844 22.02741702042516 22.400338120863132 22.870874995874622 23.433148018042793 24.080732065382353 24.80694691784169 25.605103041681904 26.468693129361927 27.391528945792082
