learning-packages/demoCTU/includes/dem.asc
ncols         65
nrows         65
xllcorner     -100.0
yllcorner     -100.0
cellsize      3.076923076923077
[rows 38 to 56 of 65, columns 0 to 43 of 65]
50.088678757229864 48.57739508875983 47.06787243316417 45.56028583064876 44.05483404085032 42.5517436490441 41.05127404346564 39.55372348363828 38.05943654416301 36.568813304629884 35.082320772281165 33.600507181294695 32.124020027417075 30.65362899257119 29.190255324631188 27.735009811261452 26.28924229328471 24.854606802159246 23.433148018042793 22.027417020425155 20.640627484613443 19.276867824833335 17.941390445677847 16.641005886756865 15.384615384615381 14.183914549681361 13.054279037290103 12.01576873216408 11.094003924504579 10.320313742306718 9.730085108210394 9.358096200458796 9.230769230769226 9.358096200458798 9.730085108210394 10.32031374230672 11.094003924504582 12.01576873216408 13.054279037290108 14.183914549681365 15.384615384615381 16.641005886756872 17.941390445677847 19.27686782483333
50.39489032048985 48.89307256021755 47.39360554076727 45.89671966208091 44.402675968190195 42.91177132609648 41.42434467026542 39.940784571529754 38.46153846153846 36.987123938988645 35.51814270958522 34.0552978787364 32.59941553910321 31.15147189433321 29.712627562812255 28.284271247461902 26.868075687035354 25.46606978037977 24.080732065382353 22.715112400359075 21.372990752999705 20.059084323700464 18.77931633189801 17.541160386140582 16.354070481130233 15.229992210171794 14.183914549681365 13.234346564680969 12.403473458920848 11.7165740090214 11.200169060431572 10.878565864408428 10.769230769230774 10.87856586440843 11.200169060431572 11.716574009021404 12.403473458920853 13.234346564680969 14.18391454968137 15.2299922101718 16.354070481130233 17.541160386140586 18.77931633189801 20.059084323700457
50.74591539221736 49.25480182640653 47.76669137310776 46.28187371228099 44.800676241726265 43.32347027793453 41.85067848841675 40.38278384125134 38.920340432841584 37.46398665195668 36.01446126375269 34.57262316037574 33.139475736212326 31.71619712013585 30.30417785168032 28.905068043162977 27.520836646151256 26.153846153846153 24.806946917841692 23.48359618842115 22.188007849009168 20.925339244208377 19.701920730562613 18.52553012121891 17.405705383053476 16.35407048113023 15.384615384615381 14.513817126240928 13.760418323075628 13.144621146642354 12.686478848054339 12.403473458920846 12.307692307692307 12.403473458920846 12.686478848054339 13.144621146642358 13.760418323075632 14.513817126240928 15.384615384615385 16.354070481130233 17.405705383053476 18.525530121218914 19.701920730562613 20.92533924420837
51.14083119567589 49.661576589442994 48.18603004112562 46.71454292519685 45.2475112918546 43.78538298694679 42.32866612983879 40.877939247958224 39.433863439927066 37.99719703147222 36.568813304629884 35.14972202706419 33.74109569147894 32.344301602505595 30.960941226920166 29.592898556417456 28.242399616439723 26.912085668516774 25.605103041681907 24.325212770525997 23.076923076923084 21.865646774695232 20.697883149344175 19.581418555935162 18.52553012121892 17.54116038614059 16.64100588675688 15.839430986133854 15.152088925840168 14.595127662315603 14.183914549681372 13.931361750980649 13.846153846153854 13.931361750980649 14.183914549681372 14.595127662315607 15.152088925840172 15.839430986133854 16.641005886756883 17.541160386140593 18.52553012121892 19.581418555935166 20.697883149344175 21.865646774695225
51.57862958227757 50.1122999227764 48.65042554105199 47.19342046208605 45.74174999174925 44.29593861196298 42.85657931441268 41.42434467026541 40.0 38.58441908918294 37.178602995675604 35.78370261419387 34.401045807689066 33.03217008243675 31.678861972267693 30.34320449740926 29.027634252481857 27.735009811261456 26.46869312936193 25.23264533362573 24.03153746432817 22.870874995874626 21.757131728816848 20.697883149344165 19.701920730562613 18.779316331898006 17.941390445677847 17.200522903844536 16.569737868106166 16.06201001370854 15.689290811054725 15.461347109416756 15.384615384615387 15.461347109416756 15.689290811054725 16.06201001370854 16.56973786810617 17.200522903844536 17.94139044567785 18.77931633189801 19.701920730562613 20.69788314934417 21.757131728816848 22.870874995874622
52.058228663657324 50.60579754891855 49.15860094975526 47.71711513621792 46.281873712281005 44.85347611419463 43.43259757997878 42.02000087306973 40.616550099827954 39.22322702763682 37.84115038845798 36.471598741937534 35.11603757081024 33.77615138476946 32.453881707275364 31.151471894333216 29.87151975222708 28.617038827289658 27.391528945792093 26.199055947579083 25.044339378614943 23.932844901698545 22.870874995874633 21.86564677469523 20.925339244208384 20.059084323700464 19.276867824833342 18.589301497837813 18.007230631876357 17.541160386140596 17.200522903844547 16.99286310336503 16.923076923076934 16.99286310336503 17.200522903844547 17.541160386140596 18.00723063187636 18.589301497837813 19.276867824833346 20.05908432370047 20.925339244208384 21.865646774695232 22.870874995874633 23.932844901698537
52.57848458656943 51.14083119567588 49.7092136043185 48.28416869684682 46.86629603608559 45.45626677752048 44.05483404085032 42.662844996498606 41.281254969226886 39.91114391099338 38.55373564966667 37.21042037676254 35.882780891355694 34.57262316037575 33.282011773513744 32.01331084105356 30.76923076923077 29.55288109584392 28.367829099362734 27.218163096852514 26.108558074580223 25.04433937861494 24.031537464328174 23.076923076923077 22.188007849009168 21.3729907529997 20.640627484613447 20.000000000000007 19.460170216420803 19.029718272081517 18.716192400917606 18.52553012121892 18.461538461538467 18.525530121218925 18.716192400917606 19.029718272081517 19.460170216420803 20.000000000000007 20.64062748461345 21.372990752999705 22.188007849009168 23.07692307692308 24.031537464328174 25.044339378614936
53.13820319744783 51.71611173529726 50.300869920836355 48.89307256021755 47.49338166287117 46.10253558083599 44.721359549995796 43.350777857247294 41.99182788909594 40.64567634960895 39.313637966709656 37.99719703147221 36.69803212885096 35.41804440991181 34.15938970949926 32.92451470620414 31.71619712013585 30.537589601968012 29.392266422373538 28.2842712474619 27.218163096852514 26.199055947579083 25.232645333625733 24.32521277052599 23.48359618842115 22.715112400359075 22.02741702042516 21.42828965720634 20.925339244208374 20.52563702173282 20.235302212255238 20.059084323700457 20.0 20.059084323700457 20.235302212255238 20.525637021732823 20.925339244208377 21.42828965720634 22.02741702042516 22.71511240035908 23.48359618842115 24.325212770525994 25.232645333625733 26.199055947579076
53.736151374070715 52.330311851369075 50.93213956075954 49.54228365570652 48.161464130764706 46.790481002294 45.43022480071816 44.08168855967509 42.7459815059994 41.42434467026542 40.11816864740092 38.82901373576605 37.55863266379601 36.30899606524907 35.08232077228117 33.88110083930037 32.708140962260465 31.56659158258953 30.45998442034359 29.39226642237354 28.367829099362737 27.391528945792096 26.468693129361938 25.605103041681907 24.806946917841696 24.08073206538236 23.4331480180428 22.870874995874633 22.40033812086314 22.02741702042517 21.757131728816855 21.593336688643394 21.538461538461547 21.593336688643394 21.757131728816855 22.02741702042517 22.400338120863143 22.870874995874633 23.433148018042804 24.08073206538236 24.806946917841696 25.605103041681915 26.468693129361938 27.39152894579209
54.37106783714552 52.98207802376174 51.60156871153361 50.230239130198484 48.86886207467259 47.518292958401545 46.17948006093426 44.85347611419462 43.54145137872278 42.24470836229533 40.96469832521338 39.70303969404289 38.46153846153846 37.242210575108324 36.04730619649225 34.87933553462965 33.74109569147894 32.635697593225274 31.566591582589528 30.537589601968012 29.552881095843922 28.617038827289658 27.73500981126146 26.91208566851677 26.153846153846157 25.46606978037977 24.85460680215925 24.325212770526 23.883345686553888 23.533936216582088 23.28114761603317 23.128148274419864 23.07692307692308 23.128148274419864 23.28114761603317 23.533936216582088 23.883345686553888 24.325212770526 24.854606802159253 25.466069780379772 26.153846153846157 26.912085668516774 27.73500981126146 28.617038827289655
55.04167329230251 53.67004166926895 52.30769230769231 50.955369728243674 49.613893835683385 48.28416869684682 46.9671923768423 45.66406793740256 44.37601569801833 43.104386849605845 41.85067848841675 40.616550099827954 39.40384146112522 38.214591841151446 37.05106024243783 35.91574624593462 34.81141076610695 33.74109569147893 32.70814096226046 31.716197120135845 30.76923076923077 29.871519752227076 29.027634252481857 28.242399616439716 27.520836646151256 26.86807568703535 26.28924229328471 25.789314791138782 25.372957696108678 25.044339378614932 24.806946917841692 24.66341467981753 24.615384615384613 24.66341467981753 24.806946917841692 25.044339378614932 25.372957696108678 25.789314791138782 26.28924229328471 26.868075687035354 27.520836646151256 28.24239961643972 29.027634252481857 29.871519752227073
55.74667979074905 54.39282932204212 53.049045075589746 51.71611173529727 50.39489032048985 49.08632656475021 47.791460206181746 46.51143525486454 45.24751129185459 44.00107583407721 42.773657767562604 41.56694180340399 40.382783841251346 39.22322702763681 38.09051816350753 36.987123938988645 35.91574624593463 34.87933553462965 33.88110083930038 32.92451470620415 32.01331084105357 31.151471894333216 30.34320449740927 29.59289855641746 28.905068043162984 28.284271247461906 27.73500981126146 27.261607917952855 26.86807568703536 26.557963848664727 26.334219644036455 26.199055947579087 26.15384615384616 26.199055947579087 26.334219644036455 26.557963848664727 26.868075687035365 27.261607917952855 27.735009811261467 28.28427124746191 28.905068043162984 29.59289855641746 30.34320449740927 31.151471894333213
56.48479923287945 55.14907178133822 53.82417133703355 52.510917433464655 51.210206083363815 49.92301766027063 48.650425541052 47.393605540767275 46.15384615384616 44.93255958926227 43.73129354939046 42.551743649044106 41.39576629868835 40.26539177939201 39.16283711187033 38.09051816350754 37.05106024243784 36.047306196492265 35.08232077228118 34.15938970949927 33.28201177351376 32.45388170727538 31.678861972267708 30.960941226920173 30.304177851680336 29.71262756281227 29.190255324631206 28.740833372722175 28.367829099362744 28.074288601376413 27.862723501961298 27.73500981126147 27.692307692307708 27.73500981126147 27.862723501961298 28.074288601376413 28.367829099362744 28.740833372722175 29.19025532463121 29.71262756281227 30.304177851680336 30.96094122692018 31.678861972267708 32.45388170727538
57.25475097208737 55.93741219291643 54.63163355250678 53.33826407187605 52.058228663657324 50.79253544375132 49.54228365570652 48.308672209561784 47.09300881542758 45.89671966208091 44.72135954999579 43.56862233386552 42.44035145887298 41.338550284752 40.265391779392 39.2232270276368 38.214591841151446 37.24221057510832 36.30899606524906 35.41804440991181 34.57262316037574 33.776151384769456 33.03217008243675 32.34430160250559 31.716197120135845 31.151471894333206 30.653628992571186 30.22597339136692 29.87151975222707 29.59289855641745 29.392266422373535 29.27122706221607 29.230769230769226 29.27122706221607 29.392266422373535 29.59289855641745 29.871519752227073 30.22597339136692 30.65362899257119 31.151471894333206 31.716197120135845 32.344301602505595 33.03217008243675 33.776151384769456
58.05526850496372 56.756513063682206 55.47001962252291 54.19666139633396 52.93738625872386 51.69322343511214 50.465290667251466 49.25480182640653 48.063074928656334 46.89154047424053 45.74174999174925 44.61538461538461 43.514263457633696 42.44035145887299 41.39576629868834 40.382783841251346 39.403841461125225 38.46153846153846 37.55863266379601 36.69803212885096 35.8827808913557 35.11603757081024 34.40104580768907 33.74109569147894 33.13947573621233 32.59941553910322 32.12402002741708 31.716197120135856 31.37858162210945 31.11345910177952 30.922694218833513 30.80766829923198 30.769230769230774 30.80766829923198 30.922694218833513 31.11345910177952 31.37858162210945 31.716197120135856 32.12402002741708 32.59941553910322 33.13947573621233 33.74109569147894 34.40104580768907 35.11603757081024
58.88510525847581 57.605062236458636 56.33794899569402 55.08465781528664 53.846153846153854 52.62348115842176 51.417769129441254 50.23023913019849 49.062211443390694 47.915112315069045 46.79048100229401 45.68997663051539 44.61538461538462 43.568622333865534 42.5517436490441 41.566941803404 40.61655009982797 39.7030396940429 38.82901373576605 37.99719703147222 37.21042037676255 36.47159874193755 35.78370261419388 35.1497220270642 34.57262316037575 34.055297878736404 33.60050718129471 33.210820222958326 32.88855127143378 32.63569759322528 32.45388170727538 32.34430160250561 32.30769230769232 32.34430160250561 32.45388170727538 32.63569759322528 32.88855127143378 33.210820222958326 33.60050718129471 34.05529787873641 34.57262316037575 35.14972202706421 35.78370261419388 36.47159874193754
59.743039504454146 58.48177787307142 57.2340776545793 56.00084530215783 54.78305789158417 53.58176851467076 52.39811189515815 51.23331017029757 50.08867875722986 48.965632193352455 47.86568980339706 46.790481002293994 45.74174999174924 44.72135954999579 43.731293549390436 42.77365776756259 41.85067848841674 40.96469832521337 40.11816864740091 39.31363796670964 38.55373564966666 37.841150388457976 37.178602995675604 36.56881330462988 36.014461263752686 35.51814270958521 35.082320772281165 34.709274377472234 34.401045807689066 34.15938970949925 33.98572620673003 33.881100839300366 33.84615384615384 33.881100839300366 33.98572620673003 34.15938970949925 34.401045807689066 34.709274377472234 35.082320772281165 35.51814270958521 36.014461263752686 36.56881330462988 37.178602995675604 37.84115038845797
60.62787844688626 59.38541250959625 58.1571020659563 56.9438631486823 55.74667979074905 54.56660877220985 53.40478448526087 52.26242385065547 51.14083119567588 50.041402976278754 48.965632193352455 47.91511231506904 46.89154047424052 45.89671966208092 44.932559589262254 44.001075834077206 43.104386849605845 42.24470836229533 41.42434467026542 40.64567634960894 39.91114391099338 39.22322702763681 38.58441908918294 37.99719703147221 37.46398665195668 36.98712393898864 36.568813304629884 36.21108398750714 35.91574624593463 35.6843492453637 35.51814270958522 35.418044409911815 35.38461538461539 35.418044409911815 35.51814270958522 35.6843492453637 35.91574624593463 36.21108398750714 36.568813304629884 36.987123938988645 37.46398665195668 37.99719703147221 38.58441908918294 39.22322702763681
61.53846153846155 60.3147562581928 59.10576219168784 57.912400691442194 56.73565819872547 55.576590363656756 54.43632619370503 53.31607215742602 52.21711614916044 51.14083119567589 50.08867875722987 49.0622114433907 48.06307492865634 47.093008815427595 46.15384615384616 45.2475112918546 44.376015698018335 43.5414513787228 42.74598150599941 41.99182788909595 41.28125496922689 40.61655009982797 40.000000000000014 39.43386343992707 38.920340432841606 38.461538461538474 38.059436544163034 37.71584822194236 37.43238480183521 37.21042037676255 37.05106024243784 36.95511430604405 36.923076923076934 36.95511430604405 37.05106024243784 37.21042037676255 37.43238480183521 37.71584822194236 38.059436544163034 38.461538461538474 38.920340432841606 39.43386343992708 40.000000000000014 40.61655009982797
